
header temp=1.0 minp=3.16228e-07 topk=0 rev=False len 99 bits 000000011000000000100010101111100100100000010010111001101100000001111001000000000110100000000000000
bits off 0 b'\x01\x80"\xbeH\x12\xe6\xc0y\x00h\x00'
revall off 0 b'\x00\x02\xc0\x13\xc0l\xe9\x02O\xa8\x800'
infos [(50590, 48, 13, 16144), (476, 69, 12, 7225), (40320, 1993, 12, 5004), (4087, 75, 13, 15746), (2640, 155, 8, 379), (541, 121, 14, 25355), (5591, 26, 14, 23243), (11, 0, 13, 9144)]

header temp=1.0 minp=3.16228e-07 topk=4096 rev=False len 92 bits 00000011000000000100010101111100100100000100101110011011000001111001000000011010000000000000
bits off 0 b'\x03\x00E|\x90K\x9b\x07\x90\x1a\x00'
revall off 0 b'\x00\x05\x80\x9e\r\x9d \x93\xea \x0c'
infos [(50590, 48, 12, 4096), (476, 69, 12, 4096), (40320, 1993, 12, 4096), (4087, 75, 12, 4096), (2640, 155, 8, 379), (541, 121, 12, 4096), (5591, 26, 12, 4096), (11, 0, 12, 4096)]

header temp=1.0 minp=3.16228e-07 topk=2048 rev=False len 85 bits 0000011000000001000101111110010010000100101110011011000011110010000001101000000000000
bits off 0 b'\x06\x01\x17\xe4\x84\xb9\xb0\xf2\x06\x80'
revall off 0 b'\x00\x0b\x02xl\xe9\t?D\x03'
infos [(50590, 48, 11, 2048), (476, 69, 11, 2048), (40320, 1993, 11, 2048), (4087, 75, 11, 2048), (2640, 155, 8, 379), (541, 121, 11, 2048), (5591, 26, 11, 2048), (11, 0, 11, 2048)]

header temp=1.0 minp=1e-07 topk=0 rev=False len 107 bits 00000000110000000000100010100111110010010000000100101101001101100000000111100100000000001101000000000000000
bits off 0 b'\x00\xc0\x08\xa7\xc9\x01-6\x01\xe4\x00\xd0\x00'
revall off 0 b'\x00\x01`\x04\xf0\r\x96\x90\x12|\xa2\x00`'
infos [(50590, 48, 14, 27560), (476, 69, 13, 12956), (40320, 1993, 13, 8696), (4087, 75, 14, 28090), (2640, 155, 9, 881), (541, 121, 15, 46871), (5591, 26, 15, 41734), (11, 0, 14, 17125)]

header temp=1.0 minp=1e-07 topk=4096 rev=False len 93 bits 000000110000000001000101011111001001000001001011010011011000001111001000000011010000000000000
bits off 0 b'\x03\x00E|\x90KM\x83\xc8\r\x00'
revall off 0 b'\x00\x05\x80\x9e\r\x96\x90I\xf5\x10\x06'
infos [(50590, 48, 12, 4096), (476, 69, 12, 4096), (40320, 1993, 12, 4096), (4087, 75, 12, 4096), (2640, 155, 9, 881), (541, 121, 12, 4096), (5591, 26, 12, 4096), (11, 0, 12, 4096)]

header temp=1.0 minp=1e-07 topk=2048 rev=False len 86 bits 00000110000000010001011111100100100001001011010011011000011110010000001101000000000000
bits off 0 b'\x06\x01\x17\xe4\x84\xb4\xd8y\x03@'
revall off 0 b'\x00\x0b\x02xl\xb4\x84\x9f\xa2\x01'
infos [(50590, 48, 11, 2048), (476, 69, 11, 2048), (40320, 1993, 11, 2048), (4087, 75, 11, 2048), (2640, 155, 9, 881), (541, 121, 11, 2048), (5591, 26, 11, 2048), (11, 0, 11, 2048)]

header temp=1.0 minp=3.16228e-08 topk=0 rev=False len 114 bits 000000000110000000000010001010011111001001000000001001011000100110110000000001111001000000000001101000000000000000
bits off 0 b'\x00`\x02)\xf2@%\x89\xb0\x07\x90\x01\xa0\x00'
revall off 0 b'\x00\x01`\x02x\x03di\x00\x93\xe5\x10\x01\x80'
infos [(50590, 48, 15, 45284), (476, 69, 14, 22695), (40320, 1993, 13, 15173), (4087, 75, 15, 46238), (2640, 155, 11, 2132), (541, 121, 16, 81581), (5591, 26, 16, 68271), (11, 0, 14, 30438)]

header temp=1.0 minp=3.16228e-08 topk=4096 rev=False len 95 bits 00000011000000000100010101111100100100000100101100010011011000001111001000000011010000000000000
bits off 0 b'\x03\x00E|\x90K\x13`\xf2\x03@'
revall off 0 b'\x00\x05\x80\x9e\r\x91\xa4\x12}D\x01'
infos [(50590, 48, 12, 4096), (476, 69, 12, 4096), (40320, 1993, 12, 4096), (4087, 75, 12, 4096), (2640, 155, 11, 2134), (541, 121, 12, 4096), (5591, 26, 12, 4096), (11, 0, 12, 4096)]

header temp=1.0 minp=3.16228e-08 topk=2048 rev=False len 88 bits 0000011000000001000101111110010010000100101100010011011000011110010000001101000000000000
bits off 0 b'\x06\x01\x17\xe4\x84\xb16\x1e@\xd0\x00'
revall off 0 b"\x00\x0b\x02xl\x8d!'\xe8\x80`"
infos [(50590, 48, 11, 2048), (476, 69, 11, 2048), (40320, 1993, 11, 2048), (4087, 75, 11, 2048), (2640, 155, 11, 2048), (541, 121, 11, 2048), (5591, 26, 11, 2048), (11, 0, 11, 2048)]

header temp=1.0 minp=1e-08 topk=0 rev=False len 120 bits 000000000011000000000000100010100011111001001000000000100101100001001101100000000011110010000000000011010000000000000000
bits off 0 b'\x000\x00\x8a>H\x02XM\x80<\x80\r\x00\x00'
revall off 0 b'\x00\x00\xb0\x01<\x01\xb2\x1a@\x12|Q\x00\x0c\x00'
infos [(50590, 48, 16, 68374), (476, 69, 15, 37718), (40320, 1993, 14, 25896), (4087, 75, 16, 69999), (2640, 155, 12, 4801), (541, 121, 16, 111731), (5591, 26, 16, 103274), (11, 0, 15, 50424)]

header temp=1.0 minp=1e-08 topk=4096 rev=False len 96 bits 000000110000000001000101011111001001000001001011000010011011000001111001000000011010000000000000
bits off 0 b'\x03\x00E|\x90K\t\xb0y\x01\xa0\x00'
revall off 0 b'\x00\x05\x80\x9e\r\x90\xd2\t>\xa2\x00\xc0'
infos [(50590, 48, 12, 4096), (476, 69, 12, 4096), (40320, 1993, 12, 4096), (4087, 75, 12, 4096), (2640, 155, 12, 4096), (541, 121, 12, 4096), (5591, 26, 12, 4096), (11, 0, 12, 4096)]

header temp=1.0 minp=1e-08 topk=2048 rev=False len 88 bits 0000011000000001000101111110010010000100101100010011011000011110010000001101000000000000
bits off 0 b'\x06\x01\x17\xe4\x84\xb16\x1e@\xd0\x00'
revall off 0 b"\x00\x0b\x02xl\x8d!'\xe8\x80`"
infos [(50590, 48, 11, 2048), (476, 69, 11, 2048), (40320, 1993, 11, 2048), (4087, 75, 11, 2048), (2640, 155, 11, 2048), (541, 121, 11, 2048), (5591, 26, 11, 2048), (11, 0, 11, 2048)]

header temp=1.0 minp=3.16228e-09 topk=0 rev=False len 124 bits 0000000000110000000000001000101000011111001001000000000100101100000100110110000000000111100100000000000110100000000000000000
bits off 0 b'\x000\x00\x8a\x1f$\x01,\x13`\x07\x90\x01\xa0\x00'
revall off 0 b'\x00\x00X\x00\x9e\x00l\x83H\x02O\x85\x10\x00\xc0'
infos [(50590, 48, 16, 94338), (476, 69, 15, 58778), (40320, 1993, 15, 41655), (4087, 75, 16, 97435), (2640, 155, 13, 10074), (541, 121, 17, 133518), (5591, 26, 16, 128237), (11, 0, 16, 75518)]

header temp=1.0 minp=3.16228e-09 topk=4096 rev=False len 96 bits 000000110000000001000101011111001001000001001011000010011011000001111001000000011010000000000000
bits off 0 b'\x03\x00E|\x90K\t\xb0y\x01\xa0\x00'
revall off 0 b'\x00\x05\x80\x9e\r\x90\xd2\t>\xa2\x00\xc0'
infos [(50590, 48, 12, 4096), (476, 69, 12, 4096), (40320, 1993, 12, 4096), (4087, 75, 12, 4096), (2640, 155, 12, 4096), (541, 121, 12, 4096), (5591, 26, 12, 4096), (11, 0, 12, 4096)]

header temp=1.0 minp=3.16228e-09 topk=2048 rev=False len 88 bits 0000011000000001000101111110010010000100101100010011011000011110010000001101000000000000
bits off 0 b'\x06\x01\x17\xe4\x84\xb16\x1e@\xd0\x00'
revall off 0 b"\x00\x0b\x02xl\x8d!'\xe8\x80`"
infos [(50590, 48, 11, 2048), (476, 69, 11, 2048), (40320, 1993, 11, 2048), (4087, 75, 11, 2048), (2640, 155, 11, 2048), (541, 121, 11, 2048), (5591, 26, 11, 2048), (11, 0, 11, 2048)]

header temp=1.0 minp=5e-07 topk=0 rev=False len 97 bits 0000000110000000001000101111110010010000001001011100110110000000111100100000000011010000000000000
bits off 0 b'\x01\x80"\xfc\x90%\xcd\x80\xf2\x00\xd0\x00'
revall off 0 b"\x00\x05\x80'\x80\xd9\xd2\x04\x9f\xa2\x00\xc0"
infos [(50590, 48, 13, 12946), (476, 69, 12, 5700), (40320, 1993, 11, 4058), (4087, 75, 13, 12351), (2640, 155, 8, 264), (541, 121, 14, 19323), (5591, 26, 14, 18109), (11, 0, 12, 7041)]

header temp=1.0 minp=5e-07 topk=4096 rev=False len 91 bits 0000001100000000010001011111100100100000100101110011011000001111001000000011010000000000000
bits off 0 b'\x03\x00E\xf9 \x976\x0f 4\x00'
revall off 0 b'\x00\x05\x80\x9e\r\x9d \x93\xf4@\x18'
infos [(50590, 48, 12, 4096), (476, 69, 12, 4096), (40320, 1993, 11, 4061), (4087, 75, 12, 4096), (2640, 155, 8, 264), (541, 121, 12, 4096), (5591, 26, 12, 4096), (11, 0, 12, 4096)]

header temp=1.0 minp=5e-07 topk=2048 rev=False len 85 bits 0000011000000001000101111110010010000100101110011011000011110010000001101000000000000
bits off 0 b'\x06\x01\x17\xe4\x84\xb9\xb0\xf2\x06\x80'
revall off 0 b'\x00\x0b\x02xl\xe9\t?D\x03'
infos [(50590, 48, 11, 2048), (476, 69, 11, 2048), (40320, 1993, 11, 2048), (4087, 75, 11, 2048), (2640, 155, 8, 264), (541, 121, 11, 2048), (5591, 26, 11, 2048), (11, 0, 11, 2048)]

header temp=1.0 minp=1e-07 topk=0 rev=False len 107 bits 