case header1 steps 8 target_pos [48, 69, 1993, 75, 155, 121, 26, 0]

header1 topk=0 minp=1e-07 rev=False len 107 bits 00000000110000000000100010100111110010010000000100101101001101100000000111100100000000001101000000000000000
('bits', 0, 'normal') b'\x00\xc0\x08\xa7\xc9\x01-6\x01\xe4\x00\xd0\x00'
infos [(48, 14, 27560), (69, 13, 12956), (1993, 13, 8696), (75, 14, 28090), (155, 9, 881), (121, 15, 46871), (26, 15, 41734), (0, 14, 17125)]

header1 topk=0 minp=1e-08 rev=False len 120 bits 000000000011000000000000100010100011111001001000000000100101100001001101100000000011110010000000000011010000000000000000
('bits', 0, 'normal') b'\x000\x00\x8a>H\x02XM\x80<\x80\r\x00\x00'
infos [(48, 16, 68374), (69, 15, 37718), (1993, 14, 25896), (75, 16, 69999), (155, 12, 4801), (121, 16, 111731), (26, 16, 103274), (0, 15, 50424)]

header1 topk=4096 minp=1e-07 rev=False len 93 bits 000000110000000001000101011111001001000001001011010011011000001111001000000011010000000000000
('bits', 0, 'normal') b'\x03\x00E|\x90KM\x83\xc8\r\x00'
infos [(48, 12, 4096), (69, 12, 4096), (1993, 12, 4096), (75, 12, 4096), (155, 9, 881), (121, 12, 4096), (26, 12, 4096), (0, 12, 4096)]

header1 topk=4096 minp=1e-08 rev=False len 96 bits 000000110000000001000101011111001001000001001011000010011011000001111001000000011010000000000000
('bits', 0, 'normal') b'\x03\x00E|\x90K\t\xb0y\x01\xa0\x00'
infos [(48, 12, 4096), (69, 12, 4096), (1993, 12, 4096), (75, 12, 4096), (155, 12, 4096), (121, 12, 4096), (26, 12, 4096), (0, 12, 4096)]

header1 topk=4096 minp=0 rev=False len 96 bits 000000110000000001000101011111001001000001001011000010011011000001111001000000011010000000000000
('bits', 0, 'normal') b'\x03\x00E|\x90K\t\xb0y\x01\xa0\x00'
infos [(48, 12, 4096), (69, 12, 4096), (1993, 12, 4096), (75, 12, 4096), (155, 12, 4096), (121, 12, 4096), (26, 12, 4096), (0, 12, 4096)]

header1 topk=2048 minp=1e-07 rev=False len 86 bits 00000110000000010001011111100100100001001011010011011000011110010000001101000000000000
('bits', 0, 'normal') b'\x06\x01\x17\xe4\x84\xb4\xd8y\x03@'
infos [(48, 11, 2048), (69, 11, 2048), (1993, 11, 2048), (75, 11, 2048), (155, 9, 881), (121, 11, 2048), (26, 11, 2048), (0, 11, 2048)]

header1 topk=2048 minp=1e-08 rev=False len 88 bits 0000011000000001000101111110010010000100101100010011011000011110010000001101000000000000
('bits', 0, 'normal') b'\x06\x01\x17\xe4\x84\xb16\x1e@\xd0\x00'
infos [(48, 11, 2048), (69, 11, 2048), (1993, 11, 2048), (75, 11, 2048), (155, 11, 2048), (121, 11, 2048), (26, 11, 2048), (0, 11, 2048)]

header1 topk=2048 minp=0 rev=False len 88 bits 0000011000000001000101111110010010000100101100010011011000011110010000001101000000000000
('bits', 0, 'normal') b'\x06\x01\x17\xe4\x84\xb16\x1e@\xd0\x00'
infos [(48, 11, 2048), (69, 11, 2048), (1993, 11, 2048), (75, 11, 2048), (155, 11, 2048), (121, 11, 2048), (26, 11, 2048), (0, 11, 2048)]
case header08 steps 8 target_pos [48, 69, 1993, 75, 155, 121, 26, 0]

header08 topk=0 minp=1e-08 rev=False len 103 bits 0000000011000000000010001010111110010010000000100101110011011000000001111001000000000110100000000000000
('bits', 0, 'normal') b'\x00\xc0\x08\xaf\x92\x02\\\xd8\x07\x90\x06\x80'
infos [(48, 14, 22826), (69, 13, 8496), (1993, 12, 5529), (75, 14, 21989), (155, 8, 338), (121, 15, 37534), (26, 14, 32062), (0, 13, 11374)]

header08 topk=4096 minp=1e-08 rev=False len 92 bits 00000011000000000100010101111100100100000100101110011011000001111001000000011010000000000000
('bits', 0, 'normal') b'\x03\x00E|\x90K\x9b\x07\x90\x1a\x00'
infos [(48, 12, 4096), (69, 12, 4096), (1993, 12, 4096), (75, 12, 4096), (155, 8, 338), (121, 12, 4096), (26, 12, 4096), (0, 12, 4096)]

header08 topk=4096 minp=0 rev=False len 96 bits 000000110000000001000101011111001001000001001011000010011011000001111001000000011010000000000000
('bits', 0, 'normal') b'\x03\x00E|\x90K\t\xb0y\x01\xa0\x00'
infos [(48, 12, 4096), (69, 12, 4096), (1993, 12, 4096), (75, 12, 4096), (155, 12, 4096), (121, 12, 4096), (26, 12, 4096), (0, 12, 4096)]

header08 topk=2048 minp=1e-08 rev=False len 85 bits 0000011000000001000101111110010010000100101110011011000011110010000001101000000000000
('bits', 0, 'normal') b'\x06\x01\x17\xe4\x84\xb9\xb0\xf2\x06\x80'
infos [(48, 11, 2048), (69, 11, 2048), (1993, 11, 2048), (75, 11, 2048), (155, 8, 338), (121, 11, 2048), (26, 11, 2048), (0, 11, 2048)]

header08 topk=2048 minp=0 rev=False len 88 bits 0000011000000001000101111110010010000100101100010011011000011110010000001101000000000000
('bits', 0, 'normal') b'\x06\x01\x17\xe4\x84\xb16\x1e@\xd0\x00'
infos [(48, 11, 2048), (69, 11, 2048), (1993, 11, 2048), (75, 11, 2048), (155, 11, 2048), (121, 11, 2048), (26, 11, 2048), (0, 11, 2048)]
case bos1 steps 17 target_pos [2167, 483, 335, 0, 0, 124, 5, 0, 57, 57, 65, 1927, 55, 141, 149, 28, 0]
case bos08 steps 17 target_pos [2167, 483, 335, 0, 0, 124, 5, 0, 57, 57, 65, 1927, 55, 141, 149, 28, 0]
case chat1 steps 17 target_pos [37, 194, 1316, 0, 1, 92, 5, 0, 6, 254, 112, 2984, 80, 201, 132, 29, 0]
case chat08 steps 17 target_pos [37, 194, 1316, 0, 1, 92, 5, 0, 6, 254, 112, 2984, 80, 201, 132, 29, 0]
