header_full_temp1.bin topk=-1
step 0 target_pos 48 cands 13 188 231
step 1 target_pos 69 cands 87
step 2 target_pos 1993 cands
step 3 target_pos 75 cands
step 4 target_pos 155 cands
step 5 target_pos 121 cands
step 6 target_pos 26 cands
step 7 target_pos 0 cands 2 3 5 8 11 17 18 28 31 32 36 37 39 50 56 77 82 104 111 113 114 118 119 127 132 135 140 145 148 149 151 161 166 168 169 172 173 178 181 186 192 202 205 211 212 215 217 219 221 227 230 249
header_full_temp1.bin topk=4096
step 0 target_pos 48 cands
step 1 target_pos 69 cands
step 2 target_pos 1993 cands
step 3 target_pos 75 cands
step 4 target_pos 155 cands
step 5 target_pos 121 cands
step 6 target_pos 26 cands 23 100
step 7 target_pos 0 cands 2 3 5 8 11 17 18 28 31 32 36 37 39 50 56 77 82 104 111 113 114 118 119 127 132 135 139 140 145 148 149 151 161 166 168 169 172 173 178 181 186 192 202 205 211 212 215 217 219 221 227 230 249
header_full_temp1.bin topk=2048
step 0 target_pos 48 cands
step 1 target_pos 69 cands 30
step 2 target_pos 1993 cands
step 3 target_pos 75 cands 21
step 4 target_pos 155 cands
step 5 target_pos 121 cands
step 6 target_pos 26 cands 153
step 7 target_pos 0 cands 2 3 5 8 11 17 18 28 31 32 36 37 39 50 56 77 82 104 111 113 114 118 119 127 132 135 139 140 145 148 149 151 161 166 168 169 172 173 178 181 186 192 202 205 211 212 215 217 219 221 227 230 249
header_full_temp1.bin topk=8192
step 0 target_pos 48 cands 57
step 1 target_pos 69 cands 235
step 2 target_pos 1993 cands
step 3 target_pos 75 cands
step 4 target_pos 155 cands
step 5 target_pos 121 cands
step 6 target_pos 26 cands 197
step 7 target_pos 0 cands 2 3 5 8 11 17 18 28 31 32 36 37 39 50 56 77 82 104 111 113 114 118 119 127 132 135 139 140 145 148 149 151 161 166 168 169 172 173 178 181 186 192 202 205 211 212 215 217 219 221 227 230 249
header_full_temp1.bin topk=50000
step 0 target_pos 48 cands 13 231
step 1 target_pos 69 cands 87
step 2 target_pos 1993 cands
step 3 target_pos 75 cands
step 4 target_pos 155 cands
step 5 target_pos 121 cands
step 6 target_pos 26 cands
step 7 target_pos 0 cands 2 3 5 8 11 17 18 28 31 32 36 37 39 50 56 77 82 104 111 113 114 118 119 127 132 135 140 145 148 149 151 161 166 168 169 172 173 178 181 186 192 202 205 211 212 215 217 219 221 227 230 249
header_full_temp08.bin topk=-1
step 0 target_pos 48 cands 13 188 231
step 1 target_pos 69 cands 87
step 2 target_pos 1993 cands
step 3 target_pos 75 cands
step 4 target_pos 155 cands
step 5 target_pos 121 cands
step 6 target_pos 26 cands
step 7 target_pos 0 cands 2 3 5 8 11 17 18 28 31 32 36 37 39 50 56 77 82 104 111 113 114 118 119 127 132 135 140 145 148 149 151 161 166 168 169 172 173 178 181 186 192 202 205 211 212 215 217 219 221 227 230 249
header_full_temp08.bin topk=4096
step 0 target_pos 48 cands
step 1 target_pos 69 cands
step 2 target_pos 1993 cands
step 3 target_pos 75 cands
step 4 target_pos 155 cands
step 5 target_pos 121 cands
step 6 target_pos 26 cands 23 100
step 7 target_pos 0 cands 2 3 5 8 11 17 18 28 31 32 36 37 39 50 56 77 82 104 111 113 114 118 119 127 132 135 139 140 145 148 149 151 161 166 168 169 172 173 178 181 186 192 202 205 211 212 215 217 219 221 227 230 249
header_full_temp08.bin topk=2048
step 0 target_pos 48 cands
step 1 target_pos 69 cands 30
step 2 target_pos 1993 cands
step 3 target_pos 75 cands 21
step 4 target_pos 155 cands
step 5 target_pos 121 cands
step 6 target_pos 26 cands 153
step 7 target_pos 0 cands 2 3 5 8 11 17 18 28 31 32 36 37 39 50 56 77 82 104 111 113 114 118 119 127 132 135 139 140 145 148 149 151 161 166 168 169 172 173 178 181 186 192 202 205 211 212 215 217 219 221 227 230 249
header_full_temp08.bin topk=8192
step 0 target_pos 48 cands 57
step 1 target_pos 69 cands 235
step 2 target_pos 1993 cands
step 3 target_pos 75 cands
step 4 target_pos 155 cands
step 5 target_pos 121 cands
step 6 target_pos 26 cands 197
step 7 target_pos 0 cands 2 3 5 8 11 17 18 28 31 32 36 37 39 50 56 77 82 104 111 113 114 118 119 127 132 135 139 140 145 148 149 151 161 166 168 169 172 173 178 181 186 192 202 205 211 212 215 217 219 221 227 230 249
header_full_temp08.bin topk=50000
step 0 target_pos 48 cands 13 231
step 1 target_pos 69 cands 87
step 2 target_pos 1993 cands
step 3 target_pos 75 cands
step 4 target_pos 155 cands
step 5 target_pos 121 cands
step 6 target_pos 26 cands
step 7 target_pos 0 cands 2 3 5 8 11 17 18 28 31 32 36 37 39 50 56 77 82 104 111 113 114 118 119 127 132 135 140 145 148 149 151 161 166 168 169 172 173 178 181 186 192 202 205 211 212 215 217 219 221 227 230 249
bos_full_temp1.bin topk=-1
step 0 target_pos 2167 cands
step 1 target_pos 483 cands
step 2 target_pos 335 cands
step 3 target_pos 0 cands 0 2 3 5 7 8 9 10 11 12 13 15 16 17 18 19 21 22 23 24 25 26 27 28 29 31 32 33 34 35 36 37 39 40 41 42 43 44 45 46 48 49 50 51 52 53 54 55 56 57 58 59 60 62 63 64 66 67 68 69 70 71 73 74 75 76 77 79 80 81 82 83 84 88 89 90 93 94 95 96 97 98 99 100 101 102 103 104 105 106 109 110 111 112 113 114 115 116 117 118 119 120 121 122 123 124 127 129 131 132 133 134 135 137 138 139 140 141 142 143 144 145 146 147 148 149 151 152 153 154 155 157 158 159 160 161 162 163 164 166 167 168 169 170 171 172 173 174 175 177 178 181 182 183 184 185 186 187 188 189 190 192 193 194 195 196 197 198 199 200 201 202 203 204 205 208 210 211 212 213 215 216 217 219 220 221 222 223 224 225 226 227 228 230 231 232 233 234 236 237 238 239 242 243 244 245 246 247 248 249 250 251 253 254 255
step 4 target_pos 0 cands 2 3 5 7 8 11 17 18 28 31 32 34 36 37 39 46 50 54 56 66 77 82 95 103 104 111 113 114 115 118 119 127 132 134 135 139 140 145 147 148 149 151 158 159 161 163 164 166 168 169 172 173 178 181 184 186 189 192 193 202 205 211 212 215 217 219 221 222 226 227 228 230 242 247 249
step 5 target_pos 124 cands
step 6 target_pos 5 cands 68 69 79 89 102 142 144 196
step 7 target_pos 0 cands 2 3 5 7 8 10 11 17 18 24 28 31 32 34 36 37 39 45 46 50 54 56 66 73 77 82 95 103 104 111 113 114 115 118 119 127 132 134 135 139 140 145 147 148 149 151 152 158 159 161 163 164 166 168 169 172 173 178 181 184 186 189 192 193 202 205 211 212 215 217 219 221 222 226 227 228 230 242 247 249
step 8 target_pos 57 cands 92
step 9 target_pos 57 cands 25 124
step 10 target_pos 65 cands
step 11 target_pos 1927 cands
step 12 target_pos 55 cands
step 13 target_pos 141 cands
step 14 target_pos 149 cands 29
step 15 target_pos 28 cands 124
step 16 target_pos 0 cands 2 3 5 8 11 17 18 28 31 32 34 36 37 39 50 54 56 66 77 82 104 111 113 114 118 119 127 132 135 139 140 145 147 148 149 151 161 164 166 168 169 172 173 178 181 186 192 202 205 211 212 215 217 219 221 227 230 249
bos_full_temp1.bin topk=4096
step 0 target_pos 2167 cands
step 1 target_pos 483 cands
step 2 target_pos 335 cands
step 3 target_pos 0 cands 0 2 3 5 7 8 9 10 11 12 13 15 16 17 18 19 21 22 23 24 25 26 27 28 29 31 32 33 34 35 36 37 39 40 41 42 43 44 45 46 48 49 50 51 52 53 54 55 56 57 58 59 60 62 63 64 66 67 68 69 70 71 73 74 75 76 77 79 80 81 82 83 84 88 89 90 93 94 95 96 97 98 99 100 101 102 103 104 105 106 109 110 111 112 113 114 115 116 117 118 119 120 121 122 123 124 127 129 131 132 133 134 135 137 138 139 140 141 142 143 144 145 146 147 148 149 151 152 153 154 155 157 158 159 160 161 162 163 164 166 167 168 169 170 171 172 173 174 175 177 178 181 182 183 184 185 186 187 188 189 190 192 193 194 195 196 197 198 199 200 201 202 203 204 205 208 210 211 212 213 215 216 217 219 220 221 222 223 224 225 226 227 228 230 231 232 233 234 236 237 238 239 242 243 244 245 246 247 248 249 250 251 253 254 255
step 4 target_pos 0 cands 2 3 5 7 8 10 11 17 18 24 28 31 32 34 36 37 39 46 50 54 56 66 77 82 95 103 104 111 113 114 115 118 119 127 132 134 135 139 140 145 147 148 149 151 152 158 159 161 163 164 166 168 169 172 173 178 181 184 186 189 192 193 202 205 211 212 215 217 219 221 222 226 227 228 230 242 247 249
step 5 target_pos 124 cands
step 6 target_pos 5 cands 68 69 79 89 102 142 144 194 196
step 7 target_pos 0 cands 2 3 5 7 8 10 11 17 18 24 28 31 32 34 36 37 39 45 46 50 54 56 66 73 77 82 95 103 104 111 113 114 115 118 119 127 132 134 135 139 140 145 147 148 149 151 152 158 159 161 163 164 166 168 169 172 173 178 181 184 186 189 192 193 202 205 211 212 215 217 219 221 222 226 227 228 230 242 247 249
step 8 target_pos 57 cands 30
step 9 target_pos 57 cands
step 10 target_pos 65 cands
step 11 target_pos 1927 cands
step 12 target_pos 55 cands
step 13 target_pos 141 cands
step 14 target_pos 149 cands
step 15 target_pos 28 cands 223
step 16 target_pos 0 cands 2 3 5 8 11 17 18 28 31 32 34 36 37 39 50 54 56 66 77 82 104 111 113 114 118 119 127 132 135 139 140 145 147 148 149 151 161 164 166 168 169 172 173 178 181 186 192 202 205 211 212 215 217 219 221 227 230 249
bos_full_temp1.bin topk=2048
step 0 target_pos -1 cands
step 1 target_pos 483 cands
step 2 target_pos 335 cands
step 3 target_pos 0 cands 0 2 3 5 7 8 9 10 11 12 13 15 16 17 18 19 21 22 23 24 25 26 27 28 29 31 32 33 34 35 36 37 39 40 41 42 43 44 45 46 48 49 50 51 52 53 54 55 56 57 58 59 60 62 63 64 66 67 68 69 70 71 73 74 75 76 77 79 80 81 82 83 84 88 89 90 93 94 95 96 97 98 99 100 101 102 103 104 105 106 109 110 111 112 113 114 115 116 117 118 119 120 121 122 123 124 127 129 131 132 133 134 135 137 138 139 140 141 142 143 144 145 146 147 148 149 151 152 153 154 155 157 158 159 160 161 162 163 164 166 167 168 169 170 171 172 173 174 175 177 178 181 182 183 184 185 186 187 188 189 190 192 193 194 195 196 197 198 199 200 201 202 203 204 205 208 210 211 212 213 215 216 217 219 220 221 222 223 224 225 226 227 228 230 231 232 233 234 236 237 238 239 242 243 244 245 246 247 248 249 250 251 253 254 255
step 4 target_pos 0 cands 2 3 5 7 8 10 11 17 18 24 28 31 32 34 36 37 39 45 46 50 54 56 66 73 77 82 95 103 104 111 113 114 115 118 119 127 132 134 135 139 140 145 147 148 149 151 152 158 159 161 163 164 166 168 169 172 173 178 181 184 186 189 192 193 202 205 211 212 215 217 219 221 222 226 227 228 230 242 247 249
step 5 target_pos 124 cands
step 6 target_pos 5 cands 68 69 79 89 102 144 194 196
step 7 target_pos 0 cands 2 3 5 7 8 10 11 17 18 24 28 31 32 34 36 37 39 45 46 50 54 56 66 73 77 82 95 103 104 111 113 114 115 118 119 127 132 134 135 139 140 145 147 148 149 151 152 158 159 161 163 164 166 168 169 172 173 178 181 184 186 189 192 193 202 205 211 212 215 217 219 221 222 226 227 228 230 242 247 249
step 8 target_pos 57 cands
step 9 target_pos 57 cands
step 10 target_pos 65 cands
step 11 target_pos 1927 cands
step 12 target_pos 55 cands 15
step 13 target_pos 141 cands
step 14 target_pos 149 cands
step 15 target_pos 28 cands
step 16 target_pos 0 cands 2 3 5 8 11 17 18 28 31 32 34 36 37 39 50 54 56 66 77 82 104 111 113 114 118 119 127 132 135 139 140 145 147 148 149 151 161 164 166 168 169 172 173 178 181 186 192 202 205 211 212 215 217 219 221 227 230 249
bos_full_temp1.bin topk=8192
step 0 target_pos 2167 cands
step 1 target_pos 483 cands
step 2 target_pos 335 cands
step 3 target_pos 0 cands 0 2 3 5 7 8 9 10 11 12 13 15 16 17 18 19 21 22 23 24 25 26 27 28 29 31 32 33 34 35 36 37 39 40 41 42 43 44 45 46 48 49 50 51 52 53 54 55 56 57 58 59 60 62 63 64 66 67 68 69 70 71 73 74 75 76 77 79 80 81 82 83 84 88 89 90 93 94 95 96 97 98 99 100 101 102 103 104 105 106 109 110 111 112 113 114 115 116 117 118 119 120 121 122 123 124 127 129 131 132 133 134 135 137 138 139 140 141 142 143 144 145 146 147 148 149 151 152 153 154 155 157 158 159 160 161 162 163 164 166 167 168 169 170 171 172 173 174 175 177 178 181 182 183 184 185 186 187 188 189 190 192 193 194 195 196 197 198 199 200 201 202 203 204 205 208 210 211 212 213 215 216 217 219 220 221 222 223 224 225 226 227 228 230 231 232 233 234 236 237 238 239 242 243 244 245 246 247 248 249 250 251 253 254 255
step 4 target_pos 0 cands 2 3 5 7 8 10 11 17 18 24 28 31 32 34 36 37 39 46 50 54 56 66 77 82 95 103 104 111 113 114 115 118 119 127 132 134 135 139 140 145 147 148 149 151 158 159 161 163 164 166 168 169 172 173 178 181 184 186 189 192 193 202 205 211 212 215 217 219 221 222 226 227 228 230 242 247 249
step 5 target_pos 124 cands
step 6 target_pos 5 cands 68 69 79 89 102 142 144 196
step 7 target_pos 0 cands 2 3 5 7 8 10 11 17 18 24 28 31 32 34 36 37 39 45 46 50 54 56 66 73 77 82 95 103 104 111 113 114 115 118 119 127 132 134 135 139 140 145 147 148 149 151 152 158 159 161 163 164 166 168 169 172 173 178 181 184 186 189 192 193 202 205 211 212 215 217 219 221 222 226 227 228 230 242 247 249
step 8 target_pos 57 cands
step 9 target_pos 57 cands 22
step 10 target_pos 65 cands
step 11 target_pos 1927 cands
step 12 target_pos 55 cands
step 13 target_pos 141 cands
step 14 target_pos 149 cands
step 15 target_pos 28 cands
step 16 target_pos 0 cands 2 3 5 8 11 17 18 28 31 32 34 36 37 39 50 54 56 66 77 82 104 111 113 114 118 119 127 132 135 139 140 145 147 148 149 151 161 164 166 168 169 172 173 178 181 186 192 202 205 211 212 215 217 219 221 227 230 249
bos_full_temp1.bin topk=50000
step 0 target_pos 2167 cands
step 1 target_pos 483 cands
step 2 target_pos 335 cands
step 3 target_pos 0 cands 0 2 3 5 7 8 9 10 11 12 13 15 16 17 18 19 21 22 23 24 25 26 27 28 29 31 32 33 34 35 36 37 39 40 41 42 43 44 45 46 48 49 50 51 52 53 54 55 56 57 58 59 60 62 63 64 66 67 68 69 70 71 73 74 75 76 77 79 80 81 82 83 84 88 89 90 93 94 95 96 97 98 99 100 101 102 103 104 105 106 109 110 111 112 113 114 115 116 117 118 119 120 121 122 123 124 127 129 131 132 133 134 135 137 138 139 140 141 142 143 144 145 146 147 148 149 151 152 153 154 155 157 158 159 160 161 162 163 164 166 167 168 169 170 171 172 173 174 175 177 178 181 182 183 184 185 186 187 188 189 190 192 193 194 195 196 197 198 199 200 201 202 203 204 205 208 210 211 212 213 215 216 217 219 220 221 222 223 224 225 226 227 228 230 231 232 233 234 236 237 238 239 242 243 244 245 246 247 248 249 250 251 253 254 255
step 4 target_pos 0 cands 2 3 5 7 8 11 17 18 24 28 31 32 34 36 37 39 46 50 54 56 66 77 82 95 103 104 111 113 114 115 118 119 127 132 134 135 139 140 145 147 148 149 151 158 159 161 163 164 166 168 169 172 173 178 181 184 186 189 192 193 202 205 211 212 215 217 219 221 222 226 227 228 230 242 247 249
step 5 target_pos 124 cands
step 6 target_pos 5 cands 68 69 79 89 102 142 144 196
step 7 target_pos 0 cands 2 3 5 7 8 10 11 17 18 24 28 31 32 34 36 37 39 45 46 50 54 56 66 73 77 82 95 103 104 111 113 114 115 118 119 127 132 134 135 139 140 145 147 148 149 151 152 158 159 161 163 164 166 168 169 172 173 178 181 184 186 189 192 193 202 205 211 212 215 217 219 221 222 226 227 228 230 242 247 249
step 8 target_pos 57 cands 92
step 9 target_pos 57 cands 124
step 10 target_pos 65 cands
step 11 target_pos 1927 cands
step 12 target_pos 55 cands
step 13 target_pos 141 cands
step 14 target_pos 149 cands
step 15 target_pos 28 cands 22
step 16 target_pos 0 cands 2 3 5 8 11 17 18 28 31 32 34 36 37 39 50 54 56 66 77 82 104 111 113 114 118 119 127 132 135 139 140 145 147 148 149 151 161 164 166 168 169 172 173 178 181 186 192 202 205 211 212 215 217 219 221 227 230 249
chat_empty_full_temp1.bin topk=-1
step 0 target_pos 37 cands
step 1 target_pos 194 cands
step 2 target_pos 1316 cands
step 3 target_pos 0 cands 0 2 3 5 7 8 9 10 11 12 13 15 16 17 18 19 21 22 23 24 25 26 27 28 29 31 32 33 34 35 36 37 39 40 41 42 43 44 45 46 48 49 50 51 53 54 55 56 57 59 60 62 63 64 66 67 68 69 70 71 73 74 75 76 77 79 80 81 82 83 84 88 89 90 93 94 95 96 97 98 99 100 101 102 103 104 105 106 109 110 111 112 113 114 115 116 117 118 119 120 121 122 123 124 127 129 131 132 133 134 135 137 138 139 140 141 142 143 144 145 146 147 148 149 151 152 153 154 155 157 158 159 160 161 162 163 164 166 167 168 169 170 171 172 173 174 175 177 178 181 182 183 184 185 186 187 188 189 190 192 193 194 195 196 197 198 199 200 201 202 203 204 205 208 210 211 212 213 215 216 217 219 220 221 222 223 224 225 226 227 228 230 231 232 233 234 236 237 238 239 242 243 244 245 246 247 248 249 250 251 253 254 255
step 4 target_pos 1 cands 9 10 16 24 45 51 68 69 73 74 79 89 98 102 105 115 120 133 141 142 144 152 155 163 170 175 193 194 196 216 255
step 5 target_pos 92 cands
step 6 target_pos 5 cands 12 19 35 44 48 74 157 175 182 216 220 224 238 250
step 7 target_pos 0 cands 0 2 3 5 7 8 9 10 11 12 13 16 17 18 19 24 27 28 31 32 34 35 36 37 39 40 43 44 45 46 48 49 50 51 54 56 57 62 63 66 68 69 73 74 76 77 79 81 82 83 84 88 89 93 95 96 98 101 102 103 104 105 109 111 113 114 115 116 118 119 120 127 129 132 133 134 135 137 139 140 141 142 144 145 147 148 149 151 152 154 155 157 158 159 160 161 163 164 166 168 169 170 172 173 174 175 178 181 182 184 186 187 188 189 192 193 194 196 199 200 201 202 205 210 211 212 213 215 216 217 219 220 221 222 224 225 226 227 228 230 231 233 234 237 238 239 242 243 244 245 247 249 250 251 253 254 255
step 8 target_pos 6 cands 22 25 26 33 55 75 99 106 112 123 124 146 153 183 208 223
step 9 target_pos 254 cands
step 10 target_pos 112 cands
step 11 target_pos 2984 cands
step 12 target_pos 80 cands
step 13 target_pos 201 cands
step 14 target_pos 132 cands
step 15 target_pos 29 cands
step 16 target_pos 0 cands 2 3 5 7 8 11 17 18 28 31 32 34 36 37 39 46 50 54 56 66 77 82 95 103 104 111 113 114 115 118 119 127 132 134 135 139 140 145 147 148 149 151 158 159 161 163 164 166 168 169 172 173 178 181 184 186 189 192 193 202 205 211 212 215 217 219 221 222 226 227 228 230 242 247 249
chat_empty_full_temp1.bin topk=4096
step 0 target_pos 37 cands
step 1 target_pos 194 cands
step 2 target_pos 1316 cands
step 3 target_pos 0 cands 0 2 3 5 7 8 9 10 11 12 13 15 16 17 18 19 21 22 23 24 25 26 27 28 29 31 32 33 34 35 36 37 39 40 41 42 43 44 45 46 48 49 50 51 53 54 55 56 57 59 60 62 63 64 66 67 68 69 70 71 73 74 75 76 77 79 80 81 82 83 84 88 89 90 93 94 95 96 97 98 99 100 101 102 103 104 105 106 109 110 111 112 113 114 115 116 117 118 119 120 121 122 123 124 127 129 131 132 133 134 135 137 138 139 140 141 142 143 144 145 146 147 148 149 151 152 153 154 155 157 158 159 160 161 162 163 164 166 167 168 169 170 171 172 173 174 175 177 178 181 182 183 184 185 186 187 188 189 190 192 193 194 195 196 197 198 199 200 201 202 203 204 205 208 210 211 212 213 215 216 217 219 220 221 222 223 224 225 226 227 228 230 231 232 233 234 236 237 238 239 242 243 244 245 246 247 248 249 250 251 253 254 255
step 4 target_pos 1 cands 9 10 16 24 45 48 51 68 69 73 74 79 89 98 102 105 115 120 133 141 142 144 152 155 157 170 175 193 194 196 216 250 255
step 5 target_pos 92 cands
step 6 target_pos 5 cands 12 19 35 44 48 74 157 175 182 216 220 224 238 250
step 7 target_pos 0 cands 0 2 3 5 7 8 9 10 11 12 13 16 17 18 19 24 27 28 31 32 34 35 36 37 39 40 43 44 45 46 48 49 50 51 54 56 57 62 63 66 68 69 73 74 76 77 79 81 82 83 84 88 89 93 95 96 98 101 102 103 104 105 109 111 113 114 115 116 118 119 120 127 129 132 133 134 135 137 139 140 141 142 144 145 147 148 149 151 152 154 155 157 158 159 160 161 163 164 166 168 169 170 172 173 174 175 178 181 182 184 186 187 188 189 192 193 194 196 199 200 201 202 205 210 211 212 213 215 216 217 219 220 221 222 224 225 226 227 228 230 231 233 234 237 238 239 242 243 244 245 247 249 250 251 253 254 255
step 8 target_pos 6 cands 22 25 26 33 55 75 99 106 112 123 124 146 153 183 208 223
step 9 target_pos 254 cands
step 10 target_pos 112 cands
step 11 target_pos 2984 cands
step 12 target_pos 80 cands 15 110
step 13 target_pos 201 cands
step 14 target_pos 132 cands
step 15 target_pos 29 cands 23 100
step 16 target_pos 0 cands 2 3 5 7 8 11 17 18 28 31 32 34 36 37 39 46 50 54 56 66 77 82 95 103 104 111 113 114 115 118 119 127 132 134 135 139 140 145 147 148 149 151 158 159 161 163 164 166 168 169 172 173 178 181 184 186 189 192 193 202 205 211 212 215 217 219 221 222 226 227 228 230 242 247 249
chat_empty_full_temp1.bin topk=2048
step 0 target_pos 37 cands
step 1 target_pos 194 cands
step 2 target_pos 1316 cands
step 3 target_pos 0 cands 0 2 3 5 7 8 9 10 11 12 13 15 16 17 18 19 21 22 23 24 25 26 27 28 29 31 32 33 34 35 36 37 39 40 41 42 43 44 45 46 48 49 50 51 52 53 54 55 56 57 59 60 62 63 64 66 67 68 69 70 71 73 74 75 76 77 79 80 81 82 83 84 88 89 90 93 94 95 96 97 98 99 100 101 102 103 104 105 106 109 110 111 112 113 114 115 116 117 118 119 120 121 122 123 124 127 129 131 132 133 134 135 137 138 139 140 141 142 143 144 145 146 147 148 149 151 152 153 154 155 157 158 159 160 161 162 163 164 166 167 168 169 170 171 172 173 174 175 177 178 181 182 183 184 185 186 187 188 189 190 192 193 194 195 196 197 198 199 200 201 202 203 204 205 208 210 211 212 213 215 216 217 219 220 221 222 223 224 225 226 227 228 230 231 232 233 234 236 237 238 239 242 243 244 245 246 247 248 249 250 251 253 254 255
step 4 target_pos 1 cands 9 10 16 19 24 44 45 48 51 68 69 73 74 79 89 98 102 105 115 120 133 141 142 144 152 155 157 170 175 193 194 196 216 250 255
step 5 target_pos 92 cands
step 6 target_pos 5 cands 12 19 35 44 48 74 157 175 182 210 216 220 224 238 250
step 7 target_pos 0 cands 0 2 3 5 7 8 9 10 11 12 13 16 17 18 19 24 27 28 31 32 34 35 36 37 39 40 43 44 45 46 48 49 50 51 54 56 57 62 63 66 68 69 73 74 76 77 79 81 82 83 84 88 89 93 95 96 98 101 102 103 104 105 109 111 113 114 115 116 118 119 120 127 129 132 133 134 135 137 139 140 141 142 144 145 147 148 149 151 152 154 155 157 158 159 160 161 163 164 166 168 169 170 172 173 174 175 178 181 182 184 186 187 188 189 192 193 194 196 199 200 201 202 205 210 211 212 213 215 216 217 219 220 221 222 224 225 226 227 228 230 231 233 234 237 238 239 242 243 244 245 247 249 250 251 253 254 255
step 8 target_pos 6 cands 22 25 26 33 55 75 99 106 112 123 124 146 183 208 223
step 9 target_pos 254 cands
step 10 target_pos 112 cands
step 11 target_pos -1 cands
step 12 target_pos 80 cands 52
step 13 target_pos 201 cands
step 14 target_pos 132 cands 177 248
step 15 target_pos 29 cands 153
step 16 target_pos 0 cands 2 3 5 7 8 11 17 18 24 28 31 32 34 36 37 39 46 50 54 56 66 77 82 95 103 104 111 113 114 115 118 119 127 132 134 135 139 140 145 147 148 149 151 158 159 161 163 164 166 168 169 172 173 178 181 184 186 189 192 193 202 205 211 212 215 217 219 221 222 226 227 228 230 242 247 249
chat_empty_full_temp1.bin topk=8192
step 0 target_pos 37 cands
step 1 target_pos 194 cands
step 2 target_pos 1316 cands
step 3 target_pos 0 cands 0 2 3 5 7 8 9 10 11 12 13 15 16 17 18 19 21 22 23 24 25 26 27 28 29 31 32 33 34 35 36 37 39 40 41 42 43 44 45 46 48 49 50 51 53 54 55 56 57 59 60 62 63 64 66 67 68 69 70 71 73 74 75 76 77 79 80 81 82 83 84 88 89 90 93 94 95 96 97 98 99 100 101 102 103 104 105 106 109 110 111 112 113 114 115 116 117 118 119 120 121 122 123 124 127 129 131 132 133 134 135 137 138 139 140 141 142 143 144 145 146 147 148 149 151 152 153 154 155 157 158 159 160 161 162 163 164 166 167 168 169 170 171 172 173 174 175 177 178 181 182 183 184 185 186 187 188 189 190 192 193 194 195 196 197 198 199 200 201 202 203 204 205 208 210 211 212 213 215 216 217 219 220 221 222 223 224 225 226 227 228 230 231 232 233 234 236 237 238 239 242 243 244 245 246 247 248 249 250 251 253 254 255
step 4 target_pos 1 cands 9 10 16 24 45 51 68 69 73 74 79 89 98 102 105 115 120 133 141 142 144 152 155 157 163 170 175 193 194 196 216 250 255
step 5 target_pos 92 cands
step 6 target_pos 5 cands 12 19 35 44 48 74 157 175 182 216 220 224 238 250
step 7 target_pos 0 cands 0 2 3 5 7 8 9 10 11 12 13 16 17 18 19 24 27 28 31 32 34 35 36 37 39 40 43 44 45 46 48 49 50 51 54 56 57 62 63 66 68 69 73 74 76 77 79 81 82 83 84 88 89 93 95 96 98 101 102 103 104 105 109 111 113 114 115 116 118 119 120 127 129 132 133 134 135 137 139 140 141 142 144 145 147 148 149 151 152 154 155 157 158 159 160 161 163 164 166 168 169 170 172 173 174 175 178 181 182 184 186 187 188 189 192 193 194 196 199 200 201 202 205 210 211 212 213 215 216 217 219 220 221 222 224 225 226 227 228 230 231 233 234 237 238 239 242 243 244 245 247 249 250 251 253 254 255
step 8 target_pos 6 cands 22 25 26 33 55 75 99 106 112 123 124 146 153 183 208 223
step 9 target_pos 254 cands
step 10 target_pos 112 cands
step 11 target_pos 2984 cands
step 12 target_pos 80 cands
step 13 target_pos 201 cands
step 14 target_pos 132 cands 67
step 15 target_pos 29 cands 197
step 16 target_pos 0 cands 2 3 5 7 8 11 17 18 28 31 32 34 36 37 39 46 50 54 56 66 77 82 95 103 104 111 113 114 115 118 119 127 132 134 135 139 140 145 147 148 149 151 158 159 161 163 164 166 168 169 172 173 178 181 184 186 189 192 193 202 205 211 212 215 217 219 221 222 226 227 228 230 242 247 249
chat_empty_full_temp1.bin topk=50000
step 0 target_pos 37 cands
step 1 target_pos 194 cands
step 2 target_pos 1316 cands
step 3 target_pos 0 cands 0 2 3 5 7 8 9 10 11 12 13 15 16 17 18 19 21 22 23 24 25 26 27 28 29 31 32 33 34 35 36 37 39 40 41 42 43 44 45 46 48 49 50 51 53 54 55 56 57 59 60 62 63 64 66 67 68 69 70 71 73 74 75 76 77 79 80 81 82 83 84 88 89 90 93 94 95 96 97 98 99 100 101 102 103 104 105 106 109 110 111 112 113 114 115 116 117 118 119 120 121 122 123 124 127 129 131 132 133 134 135 137 138 139 140 141 142 143 144 145 146 147 148 149 151 152 153 154 155 157 158 159 160 161 162 163 164 166 167 168 169 170 171 172 173 174 175 177 178 181 182 183 184 185 186 187 188 189 190 192 193 194 195 196 197 198 199 200 201 202 203 204 205 208 210 211 212 213 215 216 217 219 220 221 222 223 224 225 226 227 228 230 231 232 233 234 236 237 238 239 242 243 244 245 246 247 248 249 250 251 253 254 255
step 4 target_pos 1 cands 9 10 16 24 45 51 68 69 73 74 79 89 98 102 105 115 120 133 141 142 144 152 155 163 170 175 193 194 196 216 255
step 5 target_pos 92 cands
step 6 target_pos 5 cands 12 19 35 44 48 74 157 175 182 216 220 224 238 250
step 7 target_pos 0 cands 0 2 3 5 7 8 9 10 11 12 13 16 17 18 19 24 27 28 31 32 34 35 36 37 39 40 43 44 45 46 48 49 50 51 54 56 57 62 63 66 68 69 73 74 76 77 79 81 82 83 84 88 89 93 95 96 98 101 102 103 104 105 109 111 113 114 115 116 118 119 120 127 129 132 133 134 135 137 139 140 141 142 144 145 147 148 149 151 152 154 155 157 158 159 160 161 163 164 166 168 169 170 172 173 174 175 178 181 182 184 186 187 188 189 192 193 194 196 199 200 201 202 205 210 211 212 213 215 216 217 219 220 221 222 224 225 226 227 228 230 231 233 234 237 238 239 242 243 244 245 247 249 250 251 253 254 255
step 8 target_pos 6 cands 22 25 26 33 55 75 99 106 112 123 124 146 153 183 208 223
step 9 target_pos 254 cands
step 10 target_pos 112 cands
step 11 target_pos 2984 cands
step 12 target_pos 80 cands
step 13 target_pos 201 cands
step 14 target_pos 132 cands
step 15 target_pos 29 cands
step 16 target_pos 0 cands 2 3 5 7 8 11 17 18 28 31 32 34 36 37 39 46 50 54 56 66 77 82 95 103 104 111 113 114 115 118 119 127 132 134 135 139 140 145 147 148 149 151 158 159 161 163 164 166 168 169 172 173 178 181 184 186 189 192 193 202 205 211 212 215 217 219 221 222 226 227 228 230 242 247 249
