CASE header1 positions [48, 69, 1993, 75, 155, 121, 26, 0]

header1 prec=23 topk=8192 finalbottom=False round=rint len 84 bits 100111001100110010010100100011100011010010110010111101000011101001111111101100001001
('bits', 0, 'byterev') b'93)q,M/\\\xfe\r'
('revall', 4, 'normal') b'\r\xfe\\/M,q)39'
infos [(0, 48, 8191, 8, 8388608, 5112450, 5140463), (1, 69, 8192, 8, 7171328, 6698539, 6703696), (2, 1993, 3331, 21, 1320192, 4867864, 4867867), (3, 75, 8192, 9, 6291456, 4918474, 4927301), (4, 155, 473, 18, 4519424, 6195020, 6195025), (5, 121, 8160, 11, 1310720, 4183391, 4184526), (6, 26, 8185, 7, 2324480, 4349321, 4359261), (7, 0, 5463, 2, 1272320, 3064960, 3303411)]

header1 prec=23 topk=4096 finalbottom=False round=ceil len 85 bits 1001111001111100110111000011110100111100101111001010001000000110010001101000110010100
('bits', 0, 'byterev') b'y>;\xbc<=E`b1'
('revall', 5, 'normal') b'1b`E=<\xbc;>y'
infos [(0, 48, 4049, 6, 8388608, 5167455, 5195770), (1, 69, 3320, 11, 1812160, 5215856, 5217162), (2, 1993, 3163, 20, 2674688, 6044984, 6044990), (3, 75, 4010, 8, 6291456, 4958046, 4966945), (4, 155, 218, 20, 2278144, 4857954, 4857957), (5, 121, 3985, 10, 3145728, 4621676, 4624437), (6, 26, 3983, 9, 2827264, 3312866, 3325128), (7, 0, 3864, 1, 6278144, 1688576, 2866807)]

header1 prec=24 topk=50000 finalbottom=True round=rint len 101 bits 10011011100101111000000111110001100111101010101010101111011100110001111100100011111111110100101010000
('bits', 0, 'normal') b'\x9b\x97\x81\xf1\x9e\xaa\xafs\x1f#\xffJ'
infos [(0, 48, 34636, 7, 16777216, 10146196, 10201791), (1, 69, 10909, 9, 7116160, 13348107, 13353221), (2, 1993, 4580, 21, 2618368, 8515994, 8516000), (3, 75, 31284, 9, 12582912, 13963636, 13981170), (4, 155, 816, 20, 8977408, 11263168, 11263178), (5, 121, 48002, 8, 10485760, 8157502, 8166424), (6, 26, 19558, 3, 2284032, 9436458, 9446122), (7, 0, 966, 0, 77312, 8382800, 8397492)]

header1 prec=24 topk=151936 finalbottom=True round=rint len 101 bits 10011011100101111000000111110001100111101010101010101111011100110001111100100011111111110100101010000
('bits', 0, 'normal') b'\x9b\x97\x81\xf1\x9e\xaa\xafs\x1f#\xffJ'
infos [(0, 48, 34636, 7, 16777216, 10146196, 10201791), (1, 69, 10909, 9, 7116160, 13348107, 13353221), (2, 1993, 4580, 21, 2618368, 8515994, 8516000), (3, 75, 31284, 9, 12582912, 13963636, 13981170), (4, 155, 816, 20, 8977408, 11263168, 11263178), (5, 121, 48002, 8, 10485760, 8157502, 8166424), (6, 26, 19558, 3, 2284032, 9436458, 9446122), (7, 0, 966, 0, 77312, 8382800, 8397492)]

header1 prec=24 topk=151936 finalbottom=True round=rint len 101 bits 10011011100101111000000111110001100111101010101010101111011100110001111100100011111111110100101010000
('bits', 0, 'normal') b'\x9b\x97\x81\xf1\x9e\xaa\xafs\x1f#\xffJ'
infos [(0, 48, 34636, 7, 16777216, 10146196, 10201791), (1, 69, 10909, 9, 7116160, 13348107, 13353221), (2, 1993, 4580, 21, 2618368, 8515994, 8516000), (3, 75, 31284, 9, 12582912, 13963636, 13981170), (4, 155, 816, 20, 8977408, 11263168, 11263178), (5, 121, 48002, 8, 10485760, 8157502, 8166424), (6, 26, 19558, 3, 2284032, 9436458, 9446122), (7, 0, 966, 0, 77312, 8382800, 8397492)]

header1 prec=26 topk=32768 finalbottom=False round=floor len 85 bits 1001101110011100000101010001001101011011000111000101110111010001001110000100100011001
('bits', 2, 'normal') b'npTMlqwD\xe1#'
('revall', 3, 'byterev') b'#\xe1DwqlMTpn'
infos [(0, 48, 32768, 7, 67108864, 40589598, 40812005), (1, 69, 21601, 6, 28468096, 53992061, 54012505), (2, 1993, 3315, 25, 1308416, 34245036, 34245038), (3, 75, 32768, 7, 67108864, 52097194, 52190695), (4, 155, 1027, 22, 11968128, 36628626, 36628639), (5, 121, 32768, 9, 54525952, 50897752, 50944242), (6, 26, 32768, 7, 23802880, 36889948, 36990297), (7, 0, 19518, 2, 12844672, 24292864, 26691822)]

header1 prec=29 topk=151936 finalbottom=False round=ceil len 84 bits 100110110110110010001000010100011011010010001101100111011011110100011100011001011101
('bits', 7, 'byterev') b'm"\x14[bs{qL'
('revall', 5, 'normal') b'Lq{sb[\x14"m'
infos [(0, 48, 82752, 7, 536870912, 324329844, 326106979), (1, 69, 38853, 9, 227473280, 382077336, 382240633), (2, 1993, 17483, 21, 83608064, 285881865, 285882041), (3, 75, 78855, 8, 369098752, 305045850, 305559457), (4, 155, 4133, 21, 131483392, 376894465, 376894610), (5, 121, 107551, 10, 304087040, 238050931, 238308985), (6, 26, 99245, 8, 264247296, 196008970, 197119087), (7, 0, 55168, 0, 284189952, 249301504, 302322911)]

header1 prec=29 topk=151936 finalbottom=False round=ceil len 84 bits 100110110110110010001000010100011011010010001101100111011011110100011100011001011101
('bits', 7, 'byterev') b'm"\x14[bs{qL'
('revall', 5, 'normal') b'Lq{sb[\x14"m'
infos [(0, 48, 82752, 7, 536870912, 324329844, 326106979), (1, 69, 38853, 9, 227473280, 382077336, 382240633), (2, 1993, 17483, 21, 83608064, 285881865, 285882041), (3, 75, 78855, 8, 369098752, 305045850, 305559457), (4, 155, 4133, 21, 131483392, 376894465, 376894610), (5, 121, 107551, 10, 304087040, 238050931, 238308985), (6, 26, 99245, 8, 264247296, 196008970, 197119087), (7, 0, 55168, 0, 284189952, 249301504, 302322911)]

header1 prec=30 topk=65536 finalbottom=False round=rint len 87 bits 100110110111010100001100010010101001110011010101110111011001111011001111000101101110111
('bits', 2, 'normal') b'm\xd41*sWv{<['
('revall', 5, 'byterev') b'[<{vWs*1\xd4m'
infos [(0, 48, 65536, 7, 1073741824, 648798651, 652353683), (1, 69, 65536, 8, 455044096, 782012954, 782339603), (2, 1993, 23872, 22, 83622144, 562647826, 562648002), (3, 75, 65536, 8, 738197504, 647971050, 648998498), (4, 155, 8933, 20, 263026688, 787281304, 787281593), (5, 121, 65524, 11, 303038464, 663284382, 663541902), (6, 26, 65533, 7, 527400960, 465112288, 467329966), (7, 0, 65116, 4, 283862784, 478572544, 531534571)]

header1 prec=30 topk=8192 finalbottom=False round=rint len 86 bits 10011100110011001000111110010110110010100001100000011011000011011011111100011101011001
('bits', 2, 'normal') b's2>[(`l6\xfcu'
('revall', 4, 'byterev') b'u\xfc6l`([>2s'
infos [(0, 48, 8191, 8, 1073741824, 654393264, 657978951), (1, 69, 8191, 8, 917935872, 857332586, 857992647), (2, 1993, 8192, 20, 168975616, 602255728, 602256083), (3, 75, 8192, 8, 372244480, 676885685, 677407975), (4, 155, 5762, 21, 133706240, 543962760, 543962907), (5, 121, 8191, 9, 308281344, 529269477, 529536393), (6, 26, 8191, 10, 136660992, 493179672, 493764045), (7, 0, 8192, 2, 598397952, 357326848, 469307383)]

header1 prec=32 topk=50000 finalbottom=True round=rint len 116 bits 10011011011111111000101000110111110000101001010101100101010011100101101110101100100101110010100110011001110000000000
('bits', 0, 'normal') b'\x9b\x7f\x8a7\xc2\x95eN[\xac\x97)\x99\xc0'
infos [(0, 48, 49999, 7, 4294967296, 2595878107, 2610101979), (1, 69, 50000, 9, 1820655616, 3216064012, 3217371023), (2, 1993, 50000, 17, 669189632, 2318909008, 2318910415), (3, 75, 50000, 12, 184418304, 2233917453, 2234174205), (4, 155, 19925, 20, 1051656192, 2896807921, 2896809078), (5, 121, 50000, 11, 1213202432, 3075405139, 3076437173), (6, 26, 49999, 8, 2113605632, 3379730844, 3388625157), (7, 0, 50000, 0, 2276944128, 1922669568, 2347540665)]

header1 prec=32 topk=151936 finalbottom=True round=rint len 115 bits 1001101101101011000111110001000111000111101010000000010010110101110001000011110011001101010011101101100110110000000
('bits', 0, 'normal') b'\x9bk\x1f\x11\xc7\xa8\x04\xb5\xc4<\xcdN\xd9\xb0'
infos [(0, 48, 142043, 7, 4294967296, 2594547798, 2608764381), (1, 69, 99056, 8, 1819722624, 3044781580, 3046087799), (2, 1993, 42542, 21, 334392064, 2408112562, 2408113265), (3, 75, 129516, 8, 1474297856, 2053177578, 2055229004), (4, 155, 13585, 21, 525165056, 2152422019, 2152422597), (5, 121, 146401, 11, 1212153856, 2289004224, 2290032852), (6, 26, 147510, 7, 2106630144, 3436506523, 3445356196), (7, 0, 109649, 3, 1132758144, 1786170752, 1997495652)]

header1 prec=32 topk=151936 finalbottom=True round=rint len 115 bits 1001101101101011000111110001000111000111101010000000010010110101110001000011110011001101010011101101100110110000000
('bits', 0, 'normal') b'\x9bk\x1f\x11\xc7\xa8\x04\xb5\xc4<\xcdN\xd9\xb0'
infos [(0, 48, 142043, 7, 4294967296, 2594547798, 2608764381), (1, 69, 99056, 8, 1819722624, 3044781580, 3046087799), (2, 1993, 42542, 21, 334392064, 2408112562, 2408113265), (3, 75, 129516, 8, 1474297856, 2053177578, 2055229004), (4, 155, 13585, 21, 525165056, 2152422019, 2152422597), (5, 121, 146401, 11, 1212153856, 2289004224, 2290032852), (6, 26, 147510, 7, 2106630144, 3436506523, 3445356196), (7, 0, 109649, 3, 1132758144, 1786170752, 1997495652)]