59 -102 308 40
89 -89 323 17
109 -62 173 172
100 -117 238 88
92 -51 144 150
91 -45 197 84
76 -75 156 168
96 -62 253 132
89 -60 180 78
67 -42 248 40
72 -108 161 47
90 -98 223 87
64 -70 162 148
102 -85 196 -8
53 -56 178 85
66 -128 191 28
59 -102 308 40
89 -89 323 17
109 -62 173 172
100 -117 238 88
92 -51 144 150
91 -45 197 84
76 -75 156 168
96 -62 253 132
89 -60 180 78
67 -42 248 40
72 -108 161 47
90 -98 223 87
64 -70 162 148
102 -85 196 -8
53 -56 178 85
66 -128 191 28
59 -102 308 40
89 -89 323 17
109 -62 173 172
100 -117 238 88
92 -51 144 150
91 -45 197 84
76 -75 156 168
96 -62 253 132
89 -60 180 78
67 -42 248 40
72 -108 161 47
90 -98 223 87
64 -70 162 148
102 -85 196 -8
53 -56 178 85
66 -128 191 28
59 -102 308 40
89 -89 323 17
109 -62 173 172
100 -117 238 88
92 -51 144 150
91 -45 197 84
76 -75 156 168
96 -62 253 132
89 -60 180 78
67 -42 248 40
72 -108 161 47
90 -98 223 87
64 -70 162 148
102 -85 196 -8
53 -56 178 85
66 -128 191 28
59 -102 308 40
89 -89 323 17
109 -62 173 172
100 -117 238 88
92 -51 144 150
91 -45 197 84
76 -75 156 168
96 -62 253 132
89 -60 180 78
67 -42 248 40
72 -108 161 47
90 -98 223 87
64 -70 162 148
102 -85 196 -8
53 -56 178 85
66 -128 191 28
59 -102 308 40
89 -89 323 17
109 -62 173 172
100 -117 238 88
92 -51 144 150
91 -45 197 84
76 -75 156 168
96 -62 253 132
89 -60 180 78
67 -42 248 40
72 -108 161 47
90 -98 223 87
64 -70 162 148
102 -85 196 -8
53 -56 178 85
66 -128 191 28
