-32 150 189 50
-61 0 235 -259
-23 94 106 -24
-41 146 140 -15
-28 87 189 -16
-61 152 173 28
-27 89 179 23
-70 164 183 -2
-2 178 138 49
-7 -87 205 -219
-57 146 214 -20
-52 154 202 -16
-28 145 174 27
-41 137 214 14
-70 133 236 1
-87 146 158 17
142 -43 143 32
87 -181 130 -84
67 -97 187 -51
87 -147 157 -77
116 -108 163 -34
134 -89 132 16
90 -79 172 -48
89 -78 154 -23
109 -101 157 0
100 -116 174 -46
97 -124 201 -64
133 -117 105 -18
123 -129 100 26
82 -52 209 -78
101 -88 165 -70
95 -91 171 -64
59 -64 1 -21
53 -201 56 -176
-3 -99 161 -201
5 -164 123 -243
38 -157 58 -197
44 -159 52 -142
11 -100 66 -136
65 -275 97 -285
-2 -99 54 -122
58 -168 144 -210
-21 -42 133 -163
-16 -55 78 -118
61 -112 55 -81
70 -192 82 -205
3 -49 30 -94
-4 -210 146 -246
170 -68 94 126
148 -114 15 78
138 -89 14 -62
161 -141 48 -58
140 -88 40 2
193 -136 -5 19
173 -15 80 47
180 -101 15 27
188 -68 83 108
139 -118 38 -35
186 -68 24 100
184 -117 9 75
121 -59 91 82
104 -82 83 -14
145 -95 54 49
121 -147 37 -37
69 55 -88 77
65 33 37 38
60 36 -9 95
55 27 -18 34
58 115 0 -17
80 0 -76 79
48 103 12 60
88 33 -71 103
57 32 -71 57
79 94 35 5
54 111 31 53
-20 -2 -26 -47
52 106 28 28
32 42 -15 23
50 133 -8 8
15 62 -38 23
115 -30 -68 28
-40 -139 59 -227
239 -14 -69 67
147 4 -68 29
67 -28 13 -48
275 53 -116 122
35 -125 56 -103
71 -140 -29 -44
93 -67 -67 8
102 -109 -17 -57
23 -115 67 -58
-9 -78 84 -90
256 62 -102 114
110 -22 -124 32
52 -103 12 -30
168 -53 -31 27
