161631808273530
117122746477184
174494467464970
66454604645536
91716579122464
113745244020024
136353011794132
68135071251208
31583907994273
192956579529788
207902481722859
67589003653645
155654910800798
262634779455284
133654078845287
184325253123346
225672278846841
226709327108010
44528394237443
174776699174491
68815379057084
265146869077843
118389749440671
265682577002619
239854895606530
159639173089946
238537867667807
49382800766541
83533352955250
272403828932189
155323003709938
170566141980193
141285525908179
194505072603653
145800158895896
255901522711709
276155829056318
193158142053404
223027124898040
87269491395628
182448658903849
249157539953623
260402434220019
126038166180511
60164700223250
190504540803391
160740063472083
241764935040104
106059510945528
189903112616399
66511356470623
26682502311292
38255302645996
103493153260582
213326646770670
5768017228013
108169865313484
98201933872759
5941144245905
52196739798400
70387848411563
93942832895719
170890425119559
271781370984515
185556752761037
208562900233704
98715088179971
63823825687723
254478309171631
113101734350039
17744664431607
28622389036818
164323934265650
180217184898975
155980997510411
177420437367555
49141663281901
228084286146723
152036827177555
5734950476346
192140303011677
64996385435439
123089709261155
122789305642398
183269303710638
33987201625143
185575698614243
192152550514535
41167104822528
196814131273604
152374086115334
4428906360934
37376262694786
9825910690818
4677688404682
122170469353534
48719163277050
11204373212656
80205642623982
246518472399835
184407011099085
144041904158591
95866678744333
159597870112218
225230519111659
272860252921152
184266853686389
187965038334599
93746050515801
127787928946610
143038938908444
12668288494269
201612353943259
7934781664529
43425639928595
233396677659515
143145048310096
158807333220120
222504517738697
78768338341523
262562653134046
82326177067793
31419899456327
271856632543117
158231669271361
245306652788352
264311157490578
199137507630075
99555364170154
116167810811933
138467829596661
172004829230162
191842990157345
71685880432773
233517016836039
156873435675403
20564869488618
122619980593808
49773817393978
162360908190226
212854678018021
198217141552070
5688693316826
50445872136710
128018696999472
46014787249526
29670193547000
130961082863385
245540332490244
79082422935911
174670310609191
58846532292267
16311406577702
205096921535254
112370582919047
58527540031929
240531408238555
90904674999485
143253081490912
14824237683220
173448908618869
229621916897335
263449685027374
31810199219133
245779230378773
11429103987098
250009922918991
225920325287709
9547697301044
49369434954470
236365960408160
152781487343214
2079951233556
219912140892201
75755385933689
124613088505407
15414051807731
104696587408765
169455636125876
234849174999241
191927166590378
158923123578626
92537519452229
251834436858384
247150629587527
10295004402770
233692868591082
158252344077440
175976239494105
84382265763579
102527849899295
265161630320379
273511786593875
34646878880890
54999744443253
29805285350757
263871320766104
206807654093858
2585261726757
137927545392521
12922745623281
13943298599155
148578566175279
241687487039071
223224917153087
271097591364020
151812669165732
161753250220194
91800236803003
203104172617920
221687345929279
261379568761512
115718151075254
240247100380720
121499992674977
200129919757322
140170774485969
22497697718751
132220845550074
108343250917003
263741786112289
186826304702315
209060153764937
111481056904054
114710687295859
184395657742715
139790534244591
187108514751718
83521938035290
124143673093632
209644352228886
154303201966839
269573502659421
123920830354117
73062401525434
20716979211212
39235746838923
77520011876873
139153373171426
163318997632869
40859645183770
102443109095366
55571259048310
9422730441080
82865445482802
189725990345652
168289359177167
272041367041173
37267420056949
49366139994048
279895895383304
60951796535336
124157381252940
68301306822767
193511103939355
18572842451140
101928932669313
39656500290163
202480770908895
61774901482112
147391779051693
263685209477809
182202124967143
66491840074830
269428207090060
273601061759525
38943255002163
113884597123393
186281566527194
161663702526055
211659250769534
23169922722362
263962935449909
189869958925024
281081566384195
33804541064316
20947238634196
64595446053074
206285918197987
213423130992445
164204963526278
99323328857394
159129753635345
162728104683770
167254739447607
8544900221702
226526547615359
165094783878416
156528777410141
68485375529001
149407733153701
277733972075901
117847596591286
15328976527937
246213846524305
251908063095188
174469722895371
273972993041849
188073552824484
119820541322357
255826692905222
245076227920931
1147227792847
59689040171790
274811781192451
252988430284271
208840778611963
277391124621494
236001225434355
106873638454777
19709459413582
48252464460324
12515944981411
268240093694379
199517917468926
244670226783845
5247191193911
189593750413563
11203201319266
269950620999661
192043460014785
64373733074358
234456013347533
58453751547454
132072242714044
245599853411361
195270208311279
227455253262699
218545646912997
192750109979469
226678605506067
247484757286245
277237691302730
59050303781175
93763697729880
196570148893482
85366360290116
171053907925322
167434367442064
34060947027128
99117227425683
84766309738829
268009570576288
235795017912357
187623891691932
87822608064996
196684667312663
194878871672938
112246479994970
191301705261658
200626935394335
90018318790220
112359469829428
163575907222150
247735502556108
241742044632559
56280680024778
24095378748906
199160649680020
46848204087142
275832433693326
171415848407485
58683730575302
208551649067253
158735304670135
246962553585373
150815829309208
73265294067854
17841904601521
191840424998629
94836000204516
214205960750515
72902187616065
199883183125174
207254415482531
112127239606488
163244346292875
108549915968579
55097009243209
10575678782906
93185119657620
14742365160462
11571946856855
24895472153652
147879002916271
229179093268662
206795185250917
12005228810221
280718417285764
33464775060871
64350853242562
174357279093118
6823079748146
248637195734085
132407995371244
244554133088575
281076786474796
2364514935975
154700854340337
172556096942436
89126776925375
181677766424495
115221588354780
277512647921167
208984906336200
113200564098016
185923854639693
129669302542061
265056615633529
188566270473763
111571634938312
106591414716880
69288987491446
47105489464897
188039417166655
133483783481913
252437686324599
15095619696203
164161033941939
100075985976994
13068693223318
209433250532358
139161070773278
238726902442829
204677623806960
81179781701914
35298140605479
171567794404009
217551234621416
1637053151627
27343587304381
44045267197078
129507029454225
91581172986813
89857223636430
219895598101992
186134751822045
272192512166211
134799404906498
56676940821635
77591857424837
20655966408455
150906226309178
173232601302244
189674054149666
64596002004165
118699818418524
2562886204512
197645942377081
193374405371768
112400749435176
112672192728713
16656514229019
161820112582813
184827139060977
16631630350083
88927199979983
182283004119864
269175949696001
86721112290044
64567500365944
79839473109628
125504841492256
129153252677521
181529802971743
31742189535977
269520890020546
70613857073442
159723503987393
147806575131115
37574035536921
49158789235203
114681170545297
42864592666570
198547629794940
255479148860604
275565847319782
79049208562176
102929350353229
117847805525431
5628949890467
13402728233331
118975936361646
119822038138396
17460170678725
153303748345055
76164508634695
220536635994809
108619156187300
116033784800082
80626362199966
193743947811280
69945717330099
36177561925671
191744765898779
43292617902595
107469025275042
129307471502999
106701694845263
131743376363101
148890945429726
263796490554255
135087412631573
88004306426657
77300874954058
19899577737062
217205921536782
190878522823746
260624980875663
105074203009039
201283596544802
210782975045286
142540903580834
183139570210660
273835897604576
52098967708801
195910393759183
17453109443061
150414973107086
92817144755401
98180047611923
240151553973953
244819588563678
246518770517858
16902258025118
72059600824534
47431818713298
200075351675251
10532026479085
22683983703706
280750360950571
15247243966034
236635608654572
95333339728621
66488430087246
184492282493513
229289912397505
37959569160889
45828715176972
187693453384731
69684814325085
117104716299579
94602528833141
170920892829367
271127217261522
206389972182645
197687378192690
173703986135134
49812121876655
24438058215056
113504577657270
27788854359869
247302523662914
89213703810881
250561862723409
131742803483465
127338638997173
2216285927494
37670505088567
239106140393934
216520467789629
222472673441024
51187392741684
198253721803078
198746193713141
171323049786109
202231577538838
24646806175240
182203363798487
89122063375161
11871487914452
138385615904691
193056345107539
95957628525095
23854333125849
127569275443568
91871444993864
152122175717611
125698405031897
132484977717506
16376850172483
272758896846358
262371119675676
22973817694461
120960152458395
140989174642333
48470566053212
46347338653489
50450378631971
4858961041551
102864665126982
104217671671168
168870188368413
94432272213055
279052503501350
109016771398145
169315464005406
175192499132688
159455953568396
129939216680998
21164312036569
71686929743701
57037319300341
15908849585022
205850776190345
140827899064182
199794056522764
32564098288372
78158356205554
3509055982645
75819603769053
44595654401344
33575262524855
215210315138443
174834030932845
159352396974549
275231454935681
268623155702079
79907528685807
202121326375337
132169850892451
76076452212384
266744624823178
42478480061364
159721381265271
Enc flag: 9b26b51ae9e07e3f0f3c2cf2950ad9bb867d144c480bcf8065c42795136c379a6ec283dbd7ad27813a12565c9be7ff64
