0000000000000000000000000000000000000000000000000000000000000000000000000000000000000000000000000000
1122132331141223141231151133131321251123141231152122141421141143131222161122231331151123142221151232
1223242433151334151432162234151422361225151342162323152522161244241324171233241532162224162322261334
0010010010010010010010010010010010010010010010010010010010010010010010010010010010010010010010010010
1111111121111111121111111121111111121111111121111111121111111121111111121111111121111111121111111121
0011110121020021020210021021020110130012010130020111021110030021110111030021010220021011030110120022
0010121121020121030120031021030110230012030030031110031210030031120012040020120220031011041010130121
0010120021020020030110021020030010130011020030020110031010030020120011030020020120021010040010120021
0000000000000000000000000000000000000000000000000000000000000000000000000000000000000000000000000000
1222242333141333151332152233151322351224151242152322152422151243241224161232241432152223162222251333
1223242433151334151432162234151422361225151342162323152522161244241324171233241532162224162322261334
0101111212010212020211021112020201220103020121021201021301020122110103030111110311021102031101120212
1122121221131122121221131122121221131122121221131122121221131122121221131122121221131122121221131122
0102010211020102020201020112010201030102010211020102020201020112010201030102010211020102020201020112
0001101201010112000210021002010200210003010110021101001300020012100102020011100300021002011100120102
1111221112121121121211122111131111221112121121121211122111131111221112121121121211122111131111221112
0000000000000000000000000000000000000000000000000000000000000000000000000000000000000000000000000000
1222142332141323151232151233141322251223151232152222151422141243141223161222241332151223152222151332
1223242433151334151432162234151422361225151342162323152522161244241324171233241532162224162322261334
0000011100010101010010020001010100110001020000021000010200010011010001020000110100020001011000020100
1121121131121121131121121131121121131121121131121121131121121131121121131121121131121121131121121131
1111122211121212121121131112121211221112131111132111121311121122121112131111221211131112122111131211
1111111111111111111111111111111111111111111111111111111111111111111111111111111111111111111111111111
0111031211030212030121040112030211130112040111041111030311030122030112040111130211040112031111040211
0000000000000000000000000000000000000000000000000000000000000000000000000000000000000000000000000000
1223242433151334151432162234151422361225151342162323152522161244241324171233241532162224162322261334
1222242333141333151332152233151322351224151242152322152422151243241224161232241432152223162222251333
0000010000010000010000010000010000010000010000010000010000010000010000010000010000010000010000010000
0111021211020212020121030112020211120112030111031111020311020122020112030111120211030112021111030211
1121222232121232131231132132131221331123131141132221132321131142221123141131221331132122142121231232
0102120302030113020301041102030301130104020211040202021301040103120202040112020401031103030201140103
1212232223131322141322132223141212341213141232132312142312141232231214141222231322142212152212231323
0000000000000000000000000000000000000000000000000000000000000000000000000000000000000000000000000000
0112131322040223040321051123040311250114040231051212041411050133130213060122130421051113051211150223
1223242433151334151432162234151422361225151342162323152522161244241324171233241532162224162322261334
0001000100010001000100010001000100010001000100010001000100010001000100010001000100010001000100010001
0000101111000111010110011011010100210002010020011100011200010021100002020010100210011001021000110111
0112131322040223040321051123040311250114040231051212041411050133130213060122130421051113051211150223
0000100101000011000100011000010100100002000010010100001100010001100001010010000200001001010000110001
0112131212040222030321041113040211240113040221041212031311050122130213040122130311051112041211140213
0000000000000000000000000000000000000000000000000000000000000000000000000000000000000000000000000000
1213222423131324131422142224131412341215131332142313132512141234221314151223221522142214142312241324
1223242433151334151432162234151422361225151342162323152522161244241324171233241532162224162322261334
0102010201020102010201020102010201020102010201020102010201020102010201020102010201020102010201020102
0000100011000010010100001010010000110001000020000100011000010010100001010010000110001000020000100011
0001001210010102010110020012000200120002010110021001010300010022000101030001100210020002011100020111
1212121212121212121212121212121212121212121212121212121212121212121212121212121212121212121212121212
0101111202010212010211021102020201210103020111021201011301020112110103020111110301021102021101120202
0000000000000000000000000000000000000000000000000000000000000000000000000000000000000000000000000000
1121232232131232141231142132141221341123141141142221142321141142231123151131231331142122152121241232
1223232433141334141432152234141422351225141342152323142522151244231324161233231532152224152322251334
1111112211111212111121121112111211211112121111122111111311111122111112121111211211121112112111121211
0010120021020020030110021020030010130011020030020110031010030020120011030020020120021010040010120021
0010110021010020020110011020020010120011010030010110021010020020110011020020010120011010030010110021
1121222232121232131231132132131221331123131141132221132321131142221123141131221331132122142121231232
0010020020020010030010020020020010030010020020020010030010020020020010030010020020020010030010020020
0000000000000000000000000000000000000000000000000000000000000000000000000000000000000000000000000000
1223232433141334141432152234141422351225141342152323142522151244231324161233231532152224152322251334
1223242433151334151432162234151422361225151342162323152522161244241324171233241532162224162322261334
0111021221020212030121030122020211130112030121031111030311020132020112040111120221030112031111030221
1112112321121213121221131123111311231113121221132112121411121133111212141112211321131113122211131222
0111130112030121030211031111040111130112030121030211031111040111130112030121030211031111040111130112
0000111111010111020110021011020100220002020020021100021200020021110002030010110210021001031000120111
1112222322131223131321142123131311341114131231142212132411141133221213151122221421142113142211241223
0000000000000000000000000000000000000000000000000000000000000000000000000000000000000000000000000000
1223141432151224151322161233141422161224141332161223151422151234141322171223141432151224151322161233
1223242323151333141432152224151322351224151332152323142422161233241324151233241422162223152322251324
0000000010000000010000000010000000010000000010000000010000000010000000010000000010000000010000000010
0112031211040212030221040113030211140112040211041112030311040122030212040112130211050112031211040212
1112122211131212121221131113121211231112131211132112121311131122121212131112221211141112122211131212
1112112321121213121221131123111311231113121221132112121411121133111212141112211321131113122211131222
1111121121121111131111121121121111131111121121121111131111121121121111131111121121121111131111121121
0000000000000000000000000000000000000000000000000000000000000000000000000000000000000000000000000000
1222231333131233141322142232141322241224131242141322142322141233231223151232131432132223151222241233
1223242433151334151432162234151422361225151342162323152522161244241324171233241532162224162322261334
0000100101000011000100011000010100100002000010010100001100010001100001010010000200001001010000110001
1111112121111211121121111122111111221111121121112111121211111131111112121111211121121111122111111221
0111121112020221020221021112030111220112030121021211021211030121120113020121120211031111031111120212
0000001100000101000010010001000100100001010000011000000200000011000001010000100100010001001000010100
0111020121020111030111020121020111030111020121020111030111020121020111030111020121020111030111020121
0000000000000000000000000000000000000000000000000000000000000000000000000000000000000000000000000000
1122231332141133141321152132141321251124131241151222142321151133231222161132131431142123151221251133
1223242433151334151432162234151422361225151342162323152522161244241324171233241532162224162322261334
1121121221121122121121131121121221121122121121131121121221121122121121131121121221121122121121131121
0001111111020111020210021012020100230002020120021101021200030021110102030011110210031001031100120112
1112212312121223111321132113121311321114121221132212112411131123211213131122211411132113122211231213
0010111021010120020120011021020010220011020030011110021110020030110012020020110120021010031010110121
0001100211010012010200021011010200120003000120020101011200020012100101030011000310011002020100120012
0000000000000000000000000000000000000000000000000000000000000000000000000000000000000000000000000000
0102021311030203030211040113020301140103030211041102030401030123020202050102120311040103031201040212
1223242433151334151432162234151422361225151342162323152522161244241324171233241532162224162322261334
0102010201020102010201020102010201020102010201020102010201020102010201020102010201020102010201020102
0001000210010002010100020011000200020002000110020001010200010012000100030001000210010002010100020011
0000000100000001000000010000000100000001000000010000000100000001000000010000000100000001000000010000
0101011211010202020111020112010201120102020111021101020301010122010102030101110211020102021101020211
0102020211030102030201030112020201040102020211030102030201030112020201040102020211030102030201030112
0000000000000000000000000000000000000000000000000000000000000000000000000000000000000000000000000000
1222242333141333151332152233151322351224151242152322152422151243241224161232241432152223162222251333
1223242433151334151432162234151422361225151342162323152522161244241324171233241532162224162322261334
0000011100010101010010020001010100110001020000021000010200010011010001020000110100020001011000020100
1212121212121212121212121212121212121212121212121212121212121212121212121212121212121212121212121212
1111111121111111121111111121111111121111111121111111121111111121111111121111111121111111121111111121
0010111111010121010120021011020110210012020020021110011210020021110012020020110210021011021010120111
0010010120010011020010020020010110020011010020020010020110010021010010030010010120010011020010020020
0000000000000000000000000000000000000000000000000000000000000000000000000000000000000000000000000000
1223242433151334151432162234151422361225151342162323152522161244241324171233241532162224162322261334
1223242423151334141432162224151422351225151332162323142522161234241324161233241522162224152322261324
0000011110010101020010020011010100120001020010021000020200010021010001030000110110020001021000020110
1213121322131213131312131223121312141213121322131213131312131223121312141213121322131213131312131223
0102110312020113020301031112020301130104010221030202021301030113110202040112010411021103030201130113
0102011311020203020211030113010301130103020211031102020401020123010202040102110311030103021201030212
1223231333141233141422142233141322251224131342141323142322151233231323151233131432142223151322241234
0000000000000000000000000000000000000000000000000000000000000000000000000000000000000000000000000000
1223142432151324151332161234141422261224151332162223151522151244141323171223241432161224152322161333
1223242433151334151432162234151422361225151342162323152522161244241324171233241532162224162322261334
0102021201030202020211030103020201130102030201031102020301030112020202030102120201040102021201030202
1121131221131122131121141121131221131122131121141121131221131122131121141121131221131122131121141121
0111020121020111030111020121020111030111020121020111030111020121020111030111020121020111030111020121
1121122121121221121131121122121121221121131121122121121221121131121122121121221121131121122121121221
1111121211121112121111131111121211121112121111131111121211121112121111131111121211121112121111131111
0000000000000000000000000000000000000000000000000000000000000000000000000000000000000000000000000000
1112222322131223131321142123131311341114131231142212132411141133221213151122221421142113142211241223
1223242433151334151432162234151422361225151342162323152522161244241324171233241532162224162322261334
0000011000010100010010010001010000110000020000011000010100010010010001010000110000020000011000010100
0011020120030011030110030021020110040011020120030011030110030021020110040011020120030011030110030021
1121122231121222131131131132121221231122131131132121131321121142121122141121221231131122132121131231
0000100111000011010100011010010100110002000020010100011100010011100001020010000210001001020000110011
1122232332141233141331152133141321351124141241152222142421151143231223161132231431152123152221251233
0000000000000000000000000000000000000000000000000000000000000000000000000000000000000000000000000000
0011120221030022030210041021030210140013020130040111031210040022120111050021020320031012040110140022
1223242433151334151432162234151422361225151342162323152522161244241324171233241532162224162322261334
0000010000010000010000010000010000010000010000010000010000010000010000010000010000010000010000010000
0112131212040222030321041113040211240113040221041212031311050122130213040122130311051112041211140213
0112121322030223030321041123030311240114030231041212031411040133120213050122120421041113041211140223
0011010120020011020110020021010110030011010120020011020110020021010110030011010120020011020110020021
0111031221030212040121040122030211140112040121041111040311030132030112050111130221040112041111040221
0000000000000000000000000000000000000000000000000000000000000000000000000000000000000000000000000000
1122222332131233131331142133131321341124131241142222132421141143221223151132221431142123142221241233
1223242423151334141432162224151422351225151332162323142522161234241324161233241522162224152322261324
0010011120010111020020020021010110120011020020021010020210010031010011030010110120020011021010020120
0001110111020011020200021011020100130002010120020101021100030011110101030011010210021001030100120012
0000111011010110020110011011020000220001020020011100021100020020110002020010110110021000031000110111
0000110111010011020100021010020100120002010020020100021100020011110001030010010210011001030000120011
1112212222121222121321122123121211331113121231122212122311131132211213131122211321132112132211221223
0000000000000000000000000000000000000000000000000000000000000000000000000000000000000000000000000000
0112121322030223030321041123030311240114030231041212031411040133120213050122120421041113041211140223
1223242333151333151432152234151322361224151342152323152422161243241324161233241432162223162322251334
0000101101000111000110011001010100200002010010011100001200010011100002010010100200011001011000110101
0001000200010002000100020001000200010002000100020001000200010002000100020001000200010002000100020001
0011111221020122020220031022020210230013020130031111021310030032110112040021110320031012031110130122
0001000200010002000100020001000200010002000100020001000200010002000100020001000200010002000100020001
0112121322030223030321041123030311240114030231041212031411040133120213050122120421041113041211140223
0000000000000000000000000000000000000000000000000000000000000000000000000000000000000000000000000000
1223242433151334151432162234151422361225151342162323152522161244241324171233241532162224162322261334
1223232433141334141432152234141422351225141342152323142522151244231324161233231532152224152322251334
0000001000000100000010000001000000100000010000001000000100000010000001000000100000010000001000000100
0112020321030113030211040122020311040113020221040112030311030123020211050112020321030113030211040122
1223232333141333141432142234141322351224141342142323142422151243231324151233231432152223152322241334
0112030221040112040211040122030211050112030221040112040211040122030211050112030221040112040211040122
0000011100010101010010020001010100110001020000021000010200010011010001020000110100020001011000020100
0000000000000000000000000000000000000000000000000000000000000000000000000000000000000000000000000000
1222242333141333151332152233151322351224151242152322152422151243241224161232241432152223162222251333
1223242423151334141432162224151422351225151332162323142522161234241324161233241522162224152322261324
0000101111000111010110011011010100210002010020011100011200010021100002020010100210011001021000110111
1111221122121121131211122121131111231112121131121211132111131121221112131121121221122111141111221122
0111031121030211040121030122030111140111040121031111040211030131030112040111130121040111041111030221
0000000110000001010000010010000100010001000010010000010100000011000000020000000110000001010000010010
1121222232121232131231132132131221331123131141132221132321131142221123141131221331132122142121231232
0000000000000000000000000000000000000000000000000000000000000000000000000000000000000000000000000000
1122132331141223141231151133131321251123141231152122141421141143131222161122231331151123142221151232
1223242333151333151432152234151322361224151342152323152422161243241324161233241432162223162322251334
0011011210020112010120030012010210120012020110031011010310020022010111030011110210030012011110030111
0000100101000011000100011000010100100002000010010100001100010001100001010010000200001001010000110001
0001101211010112010210021012010200220003010120021101011300020022100102030011100310021002021100120112
0010010110010011010010020010010110010011010010020010010110010011010010020010010110010011010010020010
1111122211121212121121131112121211221112131111132111121311121122121112131111221211131112122111131211
0000000000000000000000000000000000000000000000000000000000000000000000000000000000000000000000000000
1223141432151224151322161233141422161224141332161223151422151234141322171223141432151224151322161233
1223242433151334151432162234151422361225151342162323152522161244241324171233241532162224162322261334
0010020010020010020010020010020010020010020010020010020010020010020010020010020010020010020010020010
1213122412131314121322141214121412231214131312142213121512131224121313141213221412141214122312141313
1111112121111211121121111122111111221111121121112111121211111131111112121111211121121111122111111221
0010010010010010010010010010010010010010010010010010010010010010010010010010010010010010010010010010
1222132332131323141232141233131322241223141232142222141422131243131223151222231332141223142222141332
0000000000000000000000000000000000000000000000000000000000000000000000000000000000000000000000000000
1213222423131324131422142224131412341215131332142313132512141234221314151223221522142214142312241324
1223242433151334151432162234151422361225151342162323152522161244241324171233241532162224162322261334
0101011101010201010111010102010101110101020101011101010201010111010102010101110101020101011101010201
1111111221111112121111121121111211121112111121121111121211111122111111131111111221111112121111121121
1213122412131314121322141214121412231214131312142213121512131224121313141213221412141214122312141313
1111211222111122121211122121121211221113111131121211122211121122211112131121111321112112131111221122
1112112211121212111221121113111211221112121211122112111311121122111212121112211211131112112211121212
0000000000000000000000000000000000000000000000000000000000000000000000000000000000000000000000000000
1121232232131232141231142132141221341123141141142221142321141142231123151131231331142122152121241232
1223242333151333151432152234151322361224151342152323152422161243241324161233241432162223162322251334
0000101101000111000110011001010100200002010010011100001200010011100002010010100200011001011000110101
1121121231121122131121131131121221131122121131131121131221121132121121141121121231121122131121131131
1111212222111222121221122122121211321113121131122211122311121132211113131121211321122112132111221222
1121121221121122121121131121121221121122121121131121121221121122121121131121121221121122121121131121
0000111101010111010110021001020100210002020010021100011200020011110002020010110200021001021000120101
0000000000000000000000000000000000000000000000000000000000000000000000000000000000000000000000000000
1223242433151334151432162234151422361225151342162323152522161244241324171233241532162224162322261334
1223242433151334151432162234151422361225151342162323152522161244241324171233241532162224162322261334
0010111111010121010120021011020110210012020020021110011210020021110012020020110210021011021010120111
0000010010010000020000010010010000020000010010010000020000010010010000020000010010010000020000010010
1223242423151334141432162224151422351225151332162323142522161234241324161233241522162224152322261324
0101010101010101010101010101010101010101010101010101010101010101010101010101010101010101010101010101
0112021221030212030221030123020211140112030221031112030311030132020212040112120221040112031211030222
0000000000000000000000000000000000000000000000000000000000000000000000000000000000000000000000000000
0112031321040213040221050123030311150113040221051112040411040133030212060112130321050113041211050222
1223242433151334151432162234151422361225151342162323152522161244241324171233241532162224162322261334
0011010110020011010110020011010110020011010110020011010110020011010110020011010110020011010110020011
1212132312131313131222141213131312231213141212142212131412131223131213141212231312141213132212141312
1213132322141313141322141224131312251213141322142213141412141233131313151213231322151213142312141323
1223141332151223151322151233141322161223141332151223151322151233141322161223141332151223151322151233
0111031121030211040121030122030111140111040121031111040211030131030112040111130121040111041111030221
0000000000000000000000000000000000000000000000000000000000000000000000000000000000000000000000000000
0112130322040123040311051122040311150114030231050212041311050123130212060122030421041113050211150123
1223242423151334141432162224151422351225151332162323142522161234241324161233241522162224152322261324
0010110021010020020110011020020010120011010030010110021010020020110011020020010120011010030010110021
0000011010010100020010010011010000120000020010011000020100010020010001020000110010020000021000010110
0112031321040213040221050123030311150113040221051112040411040133030212060112130321050113041211050222
0000110011010010020100011010020000120001010020010100021000020010110001020010010110011000030000110011
0102111312020213020311031113020301230104020221031202021401030123110203040112110411031103031201130213
0000000000000000000000000000000000000000000000000000000000000000000000000000000000000000000000000000
1213232423141324141422152224141412351215141332152313142512151234231314161223231522152214152312251324
0112131222040222040321041123040211250113040231041212041311050132130213050122130321051112051211140223
1212221313121223121312132212131312221214121222131312122312131213221213131222121412122213131212231213
0001001210010102010110020012000200120002010110021001010300010022000101030001100210020002011100020111
0001111201020112010210031002020200220003020110031101011300030012110102030011110300031002021100130102
1213131422141214141312151223131412151214131322151213141412141224131312161213131422141214141312151223
1212232323131323141322142223141312341214141232142312142412141233231214151222231422142213152212241323
0000000000000000000000000000000000000000000000000000000000000000000000000000000000000000000000000000
1121222232121232131231132132131221331123131141132221132321131142221123141131221331132122142121231232
1223242433151334151432162234151422361225151342162323152522161244241324171233241532162224162322261334
0000000000000000000000000000000000000000000000000000000000000000000000000000000000000000000000000000
1121222122121231121231122122131121321122131131122221122221131131221123121131221221132121132121221222
0010111011010120010120011011020010210011020020011110011110020020110012010020110110021010021010110111
0010110011010020010110011010020010110011010020010110011010020010110011010020010110011010020010110011
0010011120010111020020020021010110120011020020021010020210010031010011030010110120020011021010020120
0000000000000000000000000000000000000000000000000000000000000000000000000000000000000000000000000000
1223242433151334151432162234151422361225151342162323152522161244241324171233241532162224162322261334
1223242433151334151432162234151422361225151342162323152522161244241324171233241532162224162322261334
0010110011010020010110011010020010110011010020010110011010020010110011010020010110011010020010110011
1212132312131313131222141213131312231213141212142212131412131223131213141212231312141213132212141312
0000001010000100010010000011000000110000010010001000010100000020000001010000100010010000011000000110
0001100111010011010200011011010100120002000120010101011100020011100101020011000210011001020100110012
1212232323131323141322142223141312341214141232142312142412141233231214151222231422142213152212241323
0000000000000000000000000000000000000000000000000000000000000000000000000000000000000000000000000000
1223242433151334151432162234151422361225151342162323152522161244241324171233241532162224162322261334
1223242433151334151432162234151422361225151342162323152522161244241324171233241532162224162322261334
0000000100000001000000010000000100000001000000010000000100000001000000010000000100000001000000010000
1212222213121322121322122213131212321213131222122312122312131222221214121222221312132212132212221313
1223142332151323151332151234141322261223151332152223151422151243141323161223241332161223152322151333
1212131312131213131212141212131312131213131212141212131312131213131212141212131312131213131212141212
0011011120020111020120020022010110130011020120021011020210020031010111030011110120030011021110020121
0000000000000000000000000000000000000000000000000000000000000000000000000000000000000000000000000000
1122221332131133131321142132131321241124121241141222132321141133221222151132121431132123141221241133
1223242323151333141432152224151322351224151332152323142422161233241324151233241422162223152322251324
0001000210010002010100020011000200020002000110020001010200010012000100030001000210010002010100020011
0010111121010121020120021021020110220012020030021110021210020031110012030020110220021011031010120121
1122122331131223131231141133121321241123131231142122131421131143121222151122221331141123132221141232
0010011120010111020020020021010110120011020020021010020210010031010011030010110120020011021010020120
1212221323121223131312132222131312231214121232131312132312131223221213141222121422122213141212231223
0000000000000000000000000000000000000000000000000000000000000000000000000000000000000000000000000000
0001110101020011010200021001020100120002010110020101011100030001110101020011010200021001020100120002
1223242433151334151432162234151422361225151342162323152522161244241324171233241532162224162322261334
0001010210020002020100030011010200030002010110030001020200020012010100040001010210020002020100030011
0000111111010111020110021011020100220002020020021100021200020021110002030010110210021001031000120111
0001101201010112000210021002010200210003010110021101001300020012100102020011100300021002011100120102
0000101011000110010110001011010000210001010020001100011100010020100002010010100110011000021000100111
0101020101020101020101020101020101020101020101020101020101020101020101020101020101020101020101020101
0000000000000000000000000000000000000000000000000000000000000000000000000000000000000000000000000000
1122231232141132141321142132141221251123131241141222142221151132231222151132131331142122151221241133
1223242423151334141432162224151422351225151332162323142522161234241324161233241522162224152322261324
0010010110010011010010020010010110010011010010020010010110010011010010020010010110010011010010020010
0000011000010100010010010001010000110000020000011000010100010010010001010000110000020000011000010100
0011121121030121030220031022030110240012030130031111031210040031120112040021120220041011041110130122
1111122211121212121121131112121211221112131111132111121311121122121112131111221211131112122111131211
0001110201020012010200031001020200120003010110030101011200030002110101030011010300021002020100130002
0000000000000000000000000000000000000000000000000000000000000000000000000000000000000000000000000000
1223142432151324151332161234141422261224151332162223151522151244141323171223241432161224152322161333
1122232332141233141331152133141321351124141241152222142421151143231223161132231431152123152221251233
1213132422141314141322151224131412251214141322152213141512141234131313161213231422151214142312151323
0010011120010111020020020021010110120011020020021010020210010031010011030010110120020011021010020120
0101021211020202030111030112020201130102030111031101030301020122020102040101120211030102031101030211
1112111211121112111211121112111211121112111211121112111211121112111211121112111211121112111211121112
0000011110010101020010020011010100120001020010021000020200010021010001030000110110020001021000020110